"","避難先番号","避難先名称","経過時間帯","避難グループ数","避難者数","累積避難グループ数","累積避難者数","経過時間_出力"
"1",1,"三和中学校",1,0,0,0,0,5
"2",1,"三和中学校",2,1,2,1,2,10
"3",1,"三和中学校",3,0,0,1,2,15
"4",1,"三和中学校",4,4,11,5,13,20
"5",1,"三和中学校",5,6,15,11,28,25
"6",1,"三和中学校",6,10,24,21,52,30
"7",1,"三和中学校",7,7,26,28,78,35
"8",1,"三和中学校",8,6,23,34,101,40
"9",1,"三和中学校",9,7,11,41,112,45
"10",1,"三和中学校",10,13,37,54,149,50
"11",1,"三和中学校",11,10,25,64,174,55
"12",1,"三和中学校",12,9,28,73,202,60
"13",1,"三和中学校",13,8,16,81,218,65
"14",1,"三和中学校",14,6,11,87,229,70
"15",1,"三和中学校",15,10,29,97,258,75
"16",1,"三和中学校",16,9,24,106,282,80
"17",1,"三和中学校",17,11,37,117,319,85
"18",1,"三和中学校",18,10,30,127,349,90
"19",1,"三和中学校",19,16,46,143,395,95
"20",1,"三和中学校",20,11,27,154,422,100
"21",1,"三和中学校",21,11,32,165,454,105
"22",1,"三和中学校",22,10,25,175,479,110
"23",1,"三和中学校",23,8,22,183,501,115
"24",1,"三和中学校",24,12,42,195,543,120
"25",1,"三和中学校",25,12,37,207,580,125
"26",1,"三和中学校",26,12,38,219,618,130
"27",1,"三和中学校",27,14,43,233,661,135
"28",1,"三和中学校",28,8,20,241,681,140
"29",1,"三和中学校",29,4,11,245,692,145
"30",1,"三和中学校",30,1,2,246,694,150
"31",1,"三和中学校",31,0,0,246,694,155
"32",1,"三和中学校",32,0,0,246,694,160
"33",1,"三和中学校",33,0,0,246,694,165
"34",1,"三和中学校",34,0,0,246,694,170
"35",1,"三和中学校",35,0,0,246,694,175
"36",1,"三和中学校",36,0,0,246,694,180
"37",1,"三和中学校",37,0,0,246,694,185
"38",1,"三和中学校",38,0,0,246,694,190
"39",1,"三和中学校",39,0,0,246,694,195
"40",1,"三和中学校",40,0,0,246,694,200
"41",1,"三和中学校",41,0,0,246,694,205
"42",1,"三和中学校",42,0,0,246,694,210
"43",1,"三和中学校",43,0,0,246,694,215
"44",1,"三和中学校",44,0,0,246,694,220
"45",1,"三和中学校",45,0,0,246,694,225
"46",1,"三和中学校",46,0,0,246,694,230
"47",1,"三和中学校",47,0,0,246,694,235
"48",1,"三和中学校",48,0,0,246,694,240
"49",1,"三和中学校",49,0,0,246,694,245
"50",1,"三和中学校",50,0,0,246,694,250
"51",1,"三和中学校",51,0,0,246,694,255
"52",1,"三和中学校",52,0,0,246,694,260
"53",1,"三和中学校",53,0,0,246,694,265
"54",1,"三和中学校",54,0,0,246,694,270
"55",1,"三和中学校",55,0,0,246,694,275
"56",1,"三和中学校",56,0,0,246,694,280
"57",1,"三和中学校",57,0,0,246,694,285
"58",1,"三和中学校",58,0,0,246,694,290
"59",1,"三和中学校",59,0,0,246,694,295
"60",1,"三和中学校",60,0,0,246,694,300
"61",1,"三和中学校",61,0,0,246,694,305
"62",1,"三和中学校",62,0,0,246,694,310
"63",1,"三和中学校",63,0,0,246,694,315
"64",1,"三和中学校",64,0,0,246,694,320
"65",1,"三和中学校",65,0,0,246,694,325
"66",1,"三和中学校",66,0,0,246,694,330
"67",1,"三和中学校",67,0,0,246,694,335
"68",1,"三和中学校",68,0,0,246,694,340
"69",1,"三和中学校",69,0,0,246,694,345
"70",1,"三和中学校",70,0,0,246,694,350
"71",1,"三和中学校",71,0,0,246,694,355
"72",1,"三和中学校",72,0,0,246,694,360
"73",1,"三和中学校",73,0,0,246,694,365
"74",1,"三和中学校",74,1,3,247,697,370
"75",1,"三和中学校",75,13,27,260,724,375
"76",1,"三和中学校",76,26,57,286,781,380
"77",1,"三和中学校",77,38,90,324,871,385
"78",1,"三和中学校",78,26,70,350,941,390
"79",1,"三和中学校",79,40,111,390,1052,395
"80",1,"三和中学校",80,31,83,421,1135,400
"81",1,"三和中学校",81,27,62,448,1197,405
"82",1,"三和中学校",82,33,91,481,1288,410
"83",1,"三和中学校",83,35,87,516,1375,415
"84",1,"三和中学校",84,44,114,560,1489,420
"85",1,"三和中学校",85,30,70,590,1559,425
"86",1,"三和中学校",86,28,79,618,1638,430
"87",1,"三和中学校",87,12,35,630,1673,435
"88",1,"三和中学校",88,5,11,635,1684,440
"89",1,"三和中学校",89,2,9,637,1693,445
"90",1,"三和中学校",90,0,0,637,1693,450
"91",1,"三和中学校",91,0,0,637,1693,455
"92",1,"三和中学校",92,0,0,637,1693,460
"93",1,"三和中学校",93,0,0,637,1693,465
"94",1,"三和中学校",94,0,0,637,1693,470
"95",1,"三和中学校",95,0,0,637,1693,475
"96",1,"三和中学校",96,0,0,637,1693,480
"97",1,"三和中学校",97,0,0,637,1693,485
"98",1,"三和中学校",98,0,0,637,1693,490
"99",2,"西部交流センター",1,0,0,0,0,5
"100",2,"西部交流センター",2,0,0,0,0,10
"101",2,"西部交流センター",3,0,0,0,0,15
"102",2,"西部交流センター",4,0,0,0,0,20
"103",2,"西部交流センター",5,0,0,0,0,25
"104",2,"西部交流センター",6,0,0,0,0,30
"105",2,"西部交流センター",7,0,0,0,0,35
"106",2,"西部交流センター",8,0,0,0,0,40
"107",2,"西部交流センター",9,2,7,2,7,45
"108",2,"西部交流センター",10,0,0,2,7,50
"109",2,"西部交流センター",11,0,0,2,7,55
"110",2,"西部交流センター",12,0,0,2,7,60
"111",2,"西部交流センター",13,0,0,2,7,65
"112",2,"西部交流センター",14,0,0,2,7,70
"113",2,"西部交流センター",15,0,0,2,7,75
"114",2,"西部交流センター",16,1,1,3,8,80
"115",2,"西部交流センター",17,0,0,3,8,85
"116",2,"西部交流センター",18,0,0,3,8,90
"117",2,"西部交流センター",19,0,0,3,8,95
"118",2,"西部交流センター",20,0,0,3,8,100
"119",2,"西部交流センター",21,0,0,3,8,105
"120",2,"西部交流センター",22,1,6,4,14,110
"121",2,"西部交流センター",23,1,6,5,20,115
"122",2,"西部交流センター",24,1,2,6,22,120
"123",2,"西部交流センター",25,0,0,6,22,125
"124",2,"西部交流センター",26,2,6,8,28,130
"125",2,"西部交流センター",27,1,1,9,29,135
"126",2,"西部交流センター",28,0,0,9,29,140
"127",2,"西部交流センター",29,0,0,9,29,145
"128",2,"西部交流センター",30,0,0,9,29,150
"129",2,"西部交流センター",31,0,0,9,29,155
"130",2,"西部交流センター",32,0,0,9,29,160
"131",2,"西部交流センター",33,0,0,9,29,165
"132",2,"西部交流センター",34,0,0,9,29,170
"133",2,"西部交流センター",35,0,0,9,29,175
"134",2,"西部交流センター",36,0,0,9,29,180
"135",2,"西部交流センター",37,0,0,9,29,185
"136",2,"西部交流センター",38,0,0,9,29,190
"137",2,"西部交流センター",39,0,0,9,29,195
"138",2,"西部交流センター",40,0,0,9,29,200
"139",2,"西部交流センター",41,0,0,9,29,205
"140",2,"西部交流センター",42,0,0,9,29,210
"141",2,"西部交流センター",43,0,0,9,29,215
"142",2,"西部交流センター",44,0,0,9,29,220
"143",2,"西部交流センター",45,0,0,9,29,225
"144",2,"西部交流センター",46,0,0,9,29,230
"145",2,"西部交流センター",47,0,0,9,29,235
"146",2,"西部交流センター",48,0,0,9,29,240
"147",2,"西部交流センター",49,0,0,9,29,245
"148",2,"西部交流センター",50,0,0,9,29,250
"149",2,"西部交流センター",51,0,0,9,29,255
"150",2,"西部交流センター",52,0,0,9,29,260
"151",2,"西部交流センター",53,0,0,9,29,265
"152",2,"西部交流センター",54,0,0,9,29,270
"153",2,"西部交流センター",55,0,0,9,29,275
"154",2,"西部交流センター",56,0,0,9,29,280
"155",2,"西部交流センター",57,0,0,9,29,285
"156",2,"西部交流センター",58,0,0,9,29,290
"157",2,"西部交流センター",59,0,0,9,29,295
"158",2,"西部交流センター",60,0,0,9,29,300
"159",2,"西部交流センター",61,0,0,9,29,305
"160",2,"西部交流センター",62,0,0,9,29,310
"161",2,"西部交流センター",63,0,0,9,29,315
"162",2,"西部交流センター",64,0,0,9,29,320
"163",2,"西部交流センター",65,0,0,9,29,325
"164",2,"西部交流センター",66,0,0,9,29,330
"165",2,"西部交流センター",67,0,0,9,29,335
"166",2,"西部交流センター",68,0,0,9,29,340
"167",2,"西部交流センター",69,0,0,9,29,345
"168",2,"西部交流センター",70,0,0,9,29,350
"169",2,"西部交流センター",71,0,0,9,29,355
"170",2,"西部交流センター",72,0,0,9,29,360
"171",2,"西部交流センター",73,0,0,9,29,365
"172",2,"西部交流センター",74,0,0,9,29,370
"173",2,"西部交流センター",75,1,1,10,30,375
"174",2,"西部交流センター",76,0,0,10,30,380
"175",2,"西部交流センター",77,1,2,11,32,385
"176",2,"西部交流センター",78,0,0,11,32,390
"177",2,"西部交流センター",79,0,0,11,32,395
"178",2,"西部交流センター",80,0,0,11,32,400
"179",2,"西部交流センター",81,0,0,11,32,405
"180",2,"西部交流センター",82,0,0,11,32,410
"181",2,"西部交流センター",83,0,0,11,32,415
"182",2,"西部交流センター",84,0,0,11,32,420
"183",2,"西部交流センター",85,0,0,11,32,425
"184",2,"西部交流センター",86,0,0,11,32,430
"185",2,"西部交流センター",87,0,0,11,32,435
"186",2,"西部交流センター",88,0,0,11,32,440
"187",2,"西部交流センター",89,0,0,11,32,445
"188",2,"西部交流センター",90,0,0,11,32,450
"189",2,"西部交流センター",91,0,0,11,32,455
"190",2,"西部交流センター",92,0,0,11,32,460
"191",2,"西部交流センター",93,0,0,11,32,465
"192",2,"西部交流センター",94,0,0,11,32,470
"193",2,"西部交流センター",95,0,0,11,32,475
"194",2,"西部交流センター",96,0,0,11,32,480
"195",2,"西部交流センター",97,0,0,11,32,485
"196",2,"西部交流センター",98,0,0,11,32,490
"197",3,"西部公民館",1,0,0,0,0,5
"198",3,"西部公民館",2,0,0,0,0,10
"199",3,"西部公民館",3,0,0,0,0,15
"200",3,"西部公民館",4,1,2,1,2,20
"201",3,"西部公民館",5,0,0,1,2,25
"202",3,"西部公民館",6,0,0,1,2,30
"203",3,"西部公民館",7,0,0,1,2,35
"204",3,"西部公民館",8,2,6,3,8,40
"205",3,"西部公民館",9,1,6,4,14,45
"206",3,"西部公民館",10,1,1,5,15,50
"207",3,"西部公民館",11,0,0,5,15,55
"208",3,"西部公民館",12,1,2,6,17,60
"209",3,"西部公民館",13,0,0,6,17,65
"210",3,"西部公民館",14,1,6,7,23,70
"211",3,"西部公民館",15,1,2,8,25,75
"212",3,"西部公民館",16,0,0,8,25,80
"213",3,"西部公民館",17,0,0,8,25,85
"214",3,"西部公民館",18,0,0,8,25,90
"215",3,"西部公民館",19,0,0,8,25,95
"216",3,"西部公民館",20,1,1,9,26,100
"217",3,"西部公民館",21,1,2,10,28,105
"218",3,"西部公民館",22,0,0,10,28,110
"219",3,"西部公民館",23,0,0,10,28,115
"220",3,"西部公民館",24,1,3,11,31,120
"221",3,"西部公民館",25,1,1,12,32,125
"222",3,"西部公民館",26,0,0,12,32,130
"223",3,"西部公民館",27,0,0,12,32,135
"224",3,"西部公民館",28,0,0,12,32,140
"225",3,"西部公民館",29,0,0,12,32,145
"226",3,"西部公民館",30,0,0,12,32,150
"227",3,"西部公民館",31,0,0,12,32,155
"228",3,"西部公民館",32,0,0,12,32,160
"229",3,"西部公民館",33,0,0,12,32,165
"230",3,"西部公民館",34,0,0,12,32,170
"231",3,"西部公民館",35,0,0,12,32,175
"232",3,"西部公民館",36,0,0,12,32,180
"233",3,"西部公民館",37,0,0,12,32,185
"234",3,"西部公民館",38,0,0,12,32,190
"235",3,"西部公民館",39,0,0,12,32,195
"236",3,"西部公民館",40,0,0,12,32,200
"237",3,"西部公民館",41,0,0,12,32,205
"238",3,"西部公民館",42,0,0,12,32,210
"239",3,"西部公民館",43,0,0,12,32,215
"240",3,"西部公民館",44,0,0,12,32,220
"241",3,"西部公民館",45,0,0,12,32,225
"242",3,"西部公民館",46,0,0,12,32,230
"243",3,"西部公民館",47,0,0,12,32,235
"244",3,"西部公民館",48,0,0,12,32,240
"245",3,"西部公民館",49,0,0,12,32,245
"246",3,"西部公民館",50,0,0,12,32,250
"247",3,"西部公民館",51,0,0,12,32,255
"248",3,"西部公民館",52,0,0,12,32,260
"249",3,"西部公民館",53,0,0,12,32,265
"250",3,"西部公民館",54,0,0,12,32,270
"251",3,"西部公民館",55,0,0,12,32,275
"252",3,"西部公民館",56,0,0,12,32,280
"253",3,"西部公民館",57,0,0,12,32,285
"254",3,"西部公民館",58,0,0,12,32,290
"255",3,"西部公民館",59,0,0,12,32,295
"256",3,"西部公民館",60,0,0,12,32,300
"257",3,"西部公民館",61,0,0,12,32,305
"258",3,"西部公民館",62,0,0,12,32,310
"259",3,"西部公民館",63,0,0,12,32,315
"260",3,"西部公民館",64,0,0,12,32,320
"261",3,"西部公民館",65,0,0,12,32,325
"262",3,"西部公民館",66,0,0,12,32,330
"263",3,"西部公民館",67,0,0,12,32,335
"264",3,"西部公民館",68,0,0,12,32,340
"265",3,"西部公民館",69,0,0,12,32,345
"266",3,"西部公民館",70,0,0,12,32,350
"267",3,"西部公民館",71,0,0,12,32,355
"268",3,"西部公民館",72,0,0,12,32,360
"269",3,"西部公民館",73,0,0,12,32,365
"270",3,"西部公民館",74,0,0,12,32,370
"271",3,"西部公民館",75,6,15,18,47,375
"272",3,"西部公民館",76,1,1,19,48,380
"273",3,"西部公民館",77,2,4,21,52,385
"274",3,"西部公民館",78,4,12,25,64,390
"275",3,"西部公民館",79,2,6,27,70,395
"276",3,"西部公民館",80,2,3,29,73,400
"277",3,"西部公民館",81,2,5,31,78,405
"278",3,"西部公民館",82,7,17,38,95,410
"279",3,"西部公民館",83,6,14,44,109,415
"280",3,"西部公民館",84,2,5,46,114,420
"281",3,"西部公民館",85,4,14,50,128,425
"282",3,"西部公民館",86,3,6,53,134,430
"283",3,"西部公民館",87,0,0,53,134,435
"284",3,"西部公民館",88,0,0,53,134,440
"285",3,"西部公民館",89,0,0,53,134,445
"286",3,"西部公民館",90,0,0,53,134,450
"287",3,"西部公民館",91,0,0,53,134,455
"288",3,"西部公民館",92,0,0,53,134,460
"289",3,"西部公民館",93,0,0,53,134,465
"290",3,"西部公民館",94,0,0,53,134,470
"291",3,"西部公民館",95,0,0,53,134,475
"292",3,"西部公民館",96,0,0,53,134,480
"293",3,"西部公民館",97,0,0,53,134,485
"294",3,"西部公民館",98,0,0,53,134,490
"295",4,"小島小学校",1,0,0,0,0,5
"296",4,"小島小学校",2,2,3,2,3,10
"297",4,"小島小学校",3,6,20,8,23,15
"298",4,"小島小学校",4,4,9,12,32,20
"299",4,"小島小学校",5,7,18,19,50,25
"300",4,"小島小学校",6,2,4,21,54,30
"301",4,"小島小学校",7,5,18,26,72,35
"302",4,"小島小学校",8,6,18,32,90,40
"303",4,"小島小学校",9,3,14,35,104,45
"304",4,"小島小学校",10,5,14,40,118,50
"305",4,"小島小学校",11,8,18,48,136,55
"306",4,"小島小学校",12,6,16,54,152,60
"307",4,"小島小学校",13,7,29,61,181,65
"308",4,"小島小学校",14,4,11,65,192,70
"309",4,"小島小学校",15,5,12,70,204,75
"310",4,"小島小学校",16,8,25,78,229,80
"311",4,"小島小学校",17,6,24,84,253,85
"312",4,"小島小学校",18,8,20,92,273,90
"313",4,"小島小学校",19,2,4,94,277,95
"314",4,"小島小学校",20,6,13,100,290,100
"315",4,"小島小学校",21,8,27,108,317,105
"316",4,"小島小学校",22,6,21,114,338,110
"317",4,"小島小学校",23,5,16,119,354,115
"318",4,"小島小学校",24,9,26,128,380,120
"319",4,"小島小学校",25,6,16,134,396,125
"320",4,"小島小学校",26,4,10,138,406,130
"321",4,"小島小学校",27,3,5,141,411,135
"322",4,"小島小学校",28,2,6,143,417,140
"323",4,"小島小学校",29,1,5,144,422,145
"324",4,"小島小学校",30,3,10,147,432,150
"325",4,"小島小学校",31,0,0,147,432,155
"326",4,"小島小学校",32,2,5,149,437,160
"327",4,"小島小学校",33,1,3,150,440,165
"328",4,"小島小学校",34,0,0,150,440,170
"329",4,"小島小学校",35,0,0,150,440,175
"330",4,"小島小学校",36,0,0,150,440,180
"331",4,"小島小学校",37,0,0,150,440,185
"332",4,"小島小学校",38,0,0,150,440,190
"333",4,"小島小学校",39,0,0,150,440,195
"334",4,"小島小学校",40,0,0,150,440,200
"335",4,"小島小学校",41,0,0,150,440,205
"336",4,"小島小学校",42,0,0,150,440,210
"337",4,"小島小学校",43,0,0,150,440,215
"338",4,"小島小学校",44,0,0,150,440,220
"339",4,"小島小学校",45,0,0,150,440,225
"340",4,"小島小学校",46,0,0,150,440,230
"341",4,"小島小学校",47,0,0,150,440,235
"342",4,"小島小学校",48,0,0,150,440,240
"343",4,"小島小学校",49,0,0,150,440,245
"344",4,"小島小学校",50,0,0,150,440,250
"345",4,"小島小学校",51,0,0,150,440,255
"346",4,"小島小学校",52,0,0,150,440,260
"347",4,"小島小学校",53,0,0,150,440,265
"348",4,"小島小学校",54,0,0,150,440,270
"349",4,"小島小学校",55,0,0,150,440,275
"350",4,"小島小学校",56,0,0,150,440,280
"351",4,"小島小学校",57,0,0,150,440,285
"352",4,"小島小学校",58,0,0,150,440,290
"353",4,"小島小学校",59,0,0,150,440,295
"354",4,"小島小学校",60,0,0,150,440,300
"355",4,"小島小学校",61,0,0,150,440,305
"356",4,"小島小学校",62,0,0,150,440,310
"357",4,"小島小学校",63,0,0,150,440,315
"358",4,"小島小学校",64,0,0,150,440,320
"359",4,"小島小学校",65,0,0,150,440,325
"360",4,"小島小学校",66,0,0,150,440,330
"361",4,"小島小学校",67,0,0,150,440,335
"362",4,"小島小学校",68,0,0,150,440,340
"363",4,"小島小学校",69,0,0,150,440,345
"364",4,"小島小学校",70,0,0,150,440,350
"365",4,"小島小学校",71,0,0,150,440,355
"366",4,"小島小学校",72,0,0,150,440,360
"367",4,"小島小学校",73,2,4,152,444,365
"368",4,"小島小学校",74,2,4,154,448,370
"369",4,"小島小学校",75,4,7,158,455,375
"370",4,"小島小学校",76,10,27,168,482,380
"371",4,"小島小学校",77,9,24,177,506,385
"372",4,"小島小学校",78,9,20,186,526,390
"373",4,"小島小学校",79,10,26,196,552,395
"374",4,"小島小学校",80,6,20,202,572,400
"375",4,"小島小学校",81,10,22,212,594,405
"376",4,"小島小学校",82,10,29,222,623,410
"377",4,"小島小学校",83,6,14,228,637,415
"378",4,"小島小学校",84,11,34,239,671,420
"379",4,"小島小学校",85,11,37,250,708,425
"380",4,"小島小学校",86,9,21,259,729,430
"381",4,"小島小学校",87,8,23,267,752,435
"382",4,"小島小学校",88,3,12,270,764,440
"383",4,"小島小学校",89,2,6,272,770,445
"384",4,"小島小学校",90,0,0,272,770,450
"385",4,"小島小学校",91,0,0,272,770,455
"386",4,"小島小学校",92,0,0,272,770,460
"387",4,"小島小学校",93,0,0,272,770,465
"388",4,"小島小学校",94,0,0,272,770,470
"389",4,"小島小学校",95,0,0,272,770,475
"390",4,"小島小学校",96,0,0,272,770,480
"391",4,"小島小学校",97,0,0,272,770,485
"392",4,"小島小学校",98,0,0,272,770,490
"393",5,"城西中学校",1,0,0,0,0,5
"394",5,"城西中学校",2,1,1,1,1,10
"395",5,"城西中学校",3,1,4,2,5,15
"396",5,"城西中学校",4,2,7,4,12,20
"397",5,"城西中学校",5,0,0,4,12,25
"398",5,"城西中学校",6,2,3,6,15,30
"399",5,"城西中学校",7,1,5,7,20,35
"400",5,"城西中学校",8,5,12,12,32,40
"401",5,"城西中学校",9,4,11,16,43,45
"402",5,"城西中学校",10,1,1,17,44,50
"403",5,"城西中学校",11,3,5,20,49,55
"404",5,"城西中学校",12,3,9,23,58,60
"405",5,"城西中学校",13,5,15,28,73,65
"406",5,"城西中学校",14,2,6,30,79,70
"407",5,"城西中学校",15,10,33,40,112,75
"408",5,"城西中学校",16,2,6,42,118,80
"409",5,"城西中学校",17,4,13,46,131,85
"410",5,"城西中学校",18,7,22,53,153,90
"411",5,"城西中学校",19,3,7,56,160,95
"412",5,"城西中学校",20,3,10,59,170,100
"413",5,"城西中学校",21,2,3,61,173,105
"414",5,"城西中学校",22,5,9,66,182,110
"415",5,"城西中学校",23,6,13,72,195,115
"416",5,"城西中学校",24,4,13,76,208,120
"417",5,"城西中学校",25,3,13,79,221,125
"418",5,"城西中学校",26,0,0,79,221,130
"419",5,"城西中学校",27,4,9,83,230,135
"420",5,"城西中学校",28,2,9,85,239,140
"421",5,"城西中学校",29,1,3,86,242,145
"422",5,"城西中学校",30,0,0,86,242,150
"423",5,"城西中学校",31,1,5,87,247,155
"424",5,"城西中学校",32,0,0,87,247,160
"425",5,"城西中学校",33,0,0,87,247,165
"426",5,"城西中学校",34,0,0,87,247,170
"427",5,"城西中学校",35,0,0,87,247,175
"428",5,"城西中学校",36,0,0,87,247,180
"429",5,"城西中学校",37,0,0,87,247,185
"430",5,"城西中学校",38,0,0,87,247,190
"431",5,"城西中学校",39,0,0,87,247,195
"432",5,"城西中学校",40,0,0,87,247,200
"433",5,"城西中学校",41,0,0,87,247,205
"434",5,"城西中学校",42,0,0,87,247,210
"435",5,"城西中学校",43,0,0,87,247,215
"436",5,"城西中学校",44,0,0,87,247,220
"437",5,"城西中学校",45,0,0,87,247,225
"438",5,"城西中学校",46,0,0,87,247,230
"439",5,"城西中学校",47,0,0,87,247,235
"440",5,"城西中学校",48,0,0,87,247,240
"441",5,"城西中学校",49,0,0,87,247,245
"442",5,"城西中学校",50,0,0,87,247,250
"443",5,"城西中学校",51,0,0,87,247,255
"444",5,"城西中学校",52,0,0,87,247,260
"445",5,"城西中学校",53,0,0,87,247,265
"446",5,"城西中学校",54,0,0,87,247,270
"447",5,"城西中学校",55,0,0,87,247,275
"448",5,"城西中学校",56,0,0,87,247,280
"449",5,"城西中学校",57,0,0,87,247,285
"450",5,"城西中学校",58,0,0,87,247,290
"451",5,"城西中学校",59,0,0,87,247,295
"452",5,"城西中学校",60,0,0,87,247,300
"453",5,"城西中学校",61,0,0,87,247,305
"454",5,"城西中学校",62,0,0,87,247,310
"455",5,"城西中学校",63,0,0,87,247,315
"456",5,"城西中学校",64,0,0,87,247,320
"457",5,"城西中学校",65,0,0,87,247,325
"458",5,"城西中学校",66,0,0,87,247,330
"459",5,"城西中学校",67,0,0,87,247,335
"460",5,"城西中学校",68,0,0,87,247,340
"461",5,"城西中学校",69,0,0,87,247,345
"462",5,"城西中学校",70,0,0,87,247,350
"463",5,"城西中学校",71,0,0,87,247,355
"464",5,"城西中学校",72,0,0,87,247,360
"465",5,"城西中学校",73,0,0,87,247,365
"466",5,"城西中学校",74,1,2,88,249,370
"467",5,"城西中学校",75,5,11,93,260,375
"468",5,"城西中学校",76,8,25,101,285,380
"469",5,"城西中学校",77,3,5,104,290,385
"470",5,"城西中学校",78,7,20,111,310,390
"471",5,"城西中学校",79,12,26,123,336,395
"472",5,"城西中学校",80,10,26,133,362,400
"473",5,"城西中学校",81,12,30,145,392,405
"474",5,"城西中学校",82,9,29,154,421,410
"475",5,"城西中学校",83,11,27,165,448,415
"476",5,"城西中学校",84,14,37,179,485,420
"477",5,"城西中学校",85,9,25,188,510,425
"478",5,"城西中学校",86,4,11,192,521,430
"479",5,"城西中学校",87,10,33,202,554,435
"480",5,"城西中学校",88,0,0,202,554,440
"481",5,"城西中学校",89,1,3,203,557,445
"482",5,"城西中学校",90,0,0,203,557,450
"483",5,"城西中学校",91,0,0,203,557,455
"484",5,"城西中学校",92,0,0,203,557,460
"485",5,"城西中学校",93,0,0,203,557,465
"486",5,"城西中学校",94,0,0,203,557,470
"487",5,"城西中学校",95,0,0,203,557,475
"488",5,"城西中学校",96,0,0,203,557,480
"489",5,"城西中学校",97,0,0,203,557,485
"490",5,"城西中学校",98,0,0,203,557,490
"491",7,"河内交流室・公民館",1,0,0,0,0,5
"492",7,"河内交流室・公民館",2,0,0,0,0,10
"493",7,"河内交流室・公民館",3,2,8,2,8,15
"494",7,"河内交流室・公民館",4,1,4,3,12,20
"495",7,"河内交流室・公民館",5,4,14,7,26,25
"496",7,"河内交流室・公民館",6,3,9,10,35,30
"497",7,"河内交流室・公民館",7,5,22,15,57,35
"498",7,"河内交流室・公民館",8,7,30,22,87,40
"499",7,"河内交流室・公民館",9,11,48,33,135,45
"500",7,"河内交流室・公民館",10,4,8,37,143,50
"501",7,"河内交流室・公民館",11,3,15,40,158,55
"502",7,"河内交流室・公民館",12,4,11,44,169,60
"503",7,"河内交流室・公民館",13,3,8,47,177,65
"504",7,"河内交流室・公民館",14,9,35,56,212,70
"505",7,"河内交流室・公民館",15,8,21,64,233,75
"506",7,"河内交流室・公民館",16,6,18,70,251,80
"507",7,"河内交流室・公民館",17,6,13,76,264,85
"508",7,"河内交流室・公民館",18,2,4,78,268,90
"509",7,"河内交流室・公民館",19,1,4,79,272,95
"510",7,"河内交流室・公民館",20,2,4,81,276,100
"511",7,"河内交流室・公民館",21,4,22,85,298,105
"512",7,"河内交流室・公民館",22,5,10,90,308,110
"513",7,"河内交流室・公民館",23,4,10,94,318,115
"514",7,"河内交流室・公民館",24,3,10,97,328,120
"515",7,"河内交流室・公民館",25,4,15,101,343,125
"516",7,"河内交流室・公民館",26,3,7,104,350,130
"517",7,"河内交流室・公民館",27,3,16,107,366,135
"518",7,"河内交流室・公民館",28,2,7,109,373,140
"519",7,"河内交流室・公民館",29,0,0,109,373,145
"520",7,"河内交流室・公民館",30,1,4,110,377,150
"521",7,"河内交流室・公民館",31,0,0,110,377,155
"522",7,"河内交流室・公民館",32,0,0,110,377,160
"523",7,"河内交流室・公民館",33,0,0,110,377,165
"524",7,"河内交流室・公民館",34,0,0,110,377,170
"525",7,"河内交流室・公民館",35,0,0,110,377,175
"526",7,"河内交流室・公民館",36,0,0,110,377,180
"527",7,"河内交流室・公民館",37,0,0,110,377,185
"528",7,"河内交流室・公民館",38,0,0,110,377,190
"529",7,"河内交流室・公民館",39,0,0,110,377,195
"530",7,"河内交流室・公民館",40,0,0,110,377,200
"531",7,"河内交流室・公民館",41,0,0,110,377,205
"532",7,"河内交流室・公民館",42,0,0,110,377,210
"533",7,"河内交流室・公民館",43,0,0,110,377,215
"534",7,"河内交流室・公民館",44,0,0,110,377,220
"535",7,"河内交流室・公民館",45,0,0,110,377,225
"536",7,"河内交流室・公民館",46,0,0,110,377,230
"537",7,"河内交流室・公民館",47,0,0,110,377,235
"538",7,"河内交流室・公民館",48,0,0,110,377,240
"539",7,"河内交流室・公民館",49,0,0,110,377,245
"540",7,"河内交流室・公民館",50,0,0,110,377,250
"541",7,"河内交流室・公民館",51,0,0,110,377,255
"542",7,"河内交流室・公民館",52,0,0,110,377,260
"543",7,"河内交流室・公民館",53,0,0,110,377,265
"544",7,"河内交流室・公民館",54,0,0,110,377,270
"545",7,"河内交流室・公民館",55,0,0,110,377,275
"546",7,"河内交流室・公民館",56,0,0,110,377,280
"547",7,"河内交流室・公民館",57,0,0,110,377,285
"548",7,"河内交流室・公民館",58,0,0,110,377,290
"549",7,"河内交流室・公民館",59,0,0,110,377,295
"550",7,"河内交流室・公民館",60,0,0,110,377,300
"551",7,"河内交流室・公民館",61,0,0,110,377,305
"552",7,"河内交流室・公民館",62,0,0,110,377,310
"553",7,"河内交流室・公民館",63,0,0,110,377,315
"554",7,"河内交流室・公民館",64,0,0,110,377,320
"555",7,"河内交流室・公民館",65,0,0,110,377,325
"556",7,"河内交流室・公民館",66,0,0,110,377,330
"557",7,"河内交流室・公民館",67,0,0,110,377,335
"558",7,"河内交流室・公民館",68,0,0,110,377,340
"559",7,"河内交流室・公民館",69,0,0,110,377,345
"560",7,"河内交流室・公民館",70,0,0,110,377,350
"561",7,"河内交流室・公民館",71,0,0,110,377,355
"562",7,"河内交流室・公民館",72,0,0,110,377,360
"563",7,"河内交流室・公民館",73,0,0,110,377,365
"564",7,"河内交流室・公民館",74,0,0,110,377,370
"565",7,"河内交流室・公民館",75,1,2,111,379,375
"566",7,"河内交流室・公民館",76,2,5,113,384,380
"567",7,"河内交流室・公民館",77,6,12,119,396,385
"568",7,"河内交流室・公民館",78,3,7,122,403,390
"569",7,"河内交流室・公民館",79,5,13,127,416,395
"570",7,"河内交流室・公民館",80,3,6,130,422,400
"571",7,"河内交流室・公民館",81,6,18,136,440,405
"572",7,"河内交流室・公民館",82,3,8,139,448,410
"573",7,"河内交流室・公民館",83,2,3,141,451,415
"574",7,"河内交流室・公民館",84,5,16,146,467,420
"575",7,"河内交流室・公民館",85,2,7,148,474,425
"576",7,"河内交流室・公民館",86,5,11,153,485,430
"577",7,"河内交流室・公民館",87,0,0,153,485,435
"578",7,"河内交流室・公民館",88,0,0,153,485,440
"579",7,"河内交流室・公民館",89,0,0,153,485,445
"580",7,"河内交流室・公民館",90,0,0,153,485,450
"581",7,"河内交流室・公民館",91,0,0,153,485,455
"582",7,"河内交流室・公民館",92,0,0,153,485,460
"583",7,"河内交流室・公民館",93,0,0,153,485,465
"584",7,"河内交流室・公民館",94,0,0,153,485,470
"585",7,"河内交流室・公民館",95,0,0,153,485,475
"586",7,"河内交流室・公民館",96,0,0,153,485,480
"587",7,"河内交流室・公民館",97,0,0,153,485,485
"588",7,"河内交流室・公民館",98,0,0,153,485,490
"589",8,"河内小学校",1,0,0,0,0,5
"590",8,"河内小学校",2,2,11,2,11,10
"591",8,"河内小学校",3,1,4,3,15,15
"592",8,"河内小学校",4,0,0,3,15,20
"593",8,"河内小学校",5,0,0,3,15,25
"594",8,"河内小学校",6,2,7,5,22,30
"595",8,"河内小学校",7,4,15,9,37,35
"596",8,"河内小学校",8,2,6,11,43,40
"597",8,"河内小学校",9,4,11,15,54,45
"598",8,"河内小学校",10,7,24,22,78,50
"599",8,"河内小学校",11,8,26,30,104,55
"600",8,"河内小学校",12,9,26,39,130,60
"601",8,"河内小学校",13,8,19,47,149,65
"602",8,"河内小学校",14,6,11,53,160,70
"603",8,"河内小学校",15,3,8,56,168,75
"604",8,"河内小学校",16,12,42,68,210,80
"605",8,"河内小学校",17,7,27,75,237,85
"606",8,"河内小学校",18,10,33,85,270,90
"607",8,"河内小学校",19,8,25,93,295,95
"608",8,"河内小学校",20,6,23,99,318,100
"609",8,"河内小学校",21,6,18,105,336,105
"610",8,"河内小学校",22,7,20,112,356,110
"611",8,"河内小学校",23,3,5,115,361,115
"612",8,"河内小学校",24,11,40,126,401,120
"613",8,"河内小学校",25,5,19,131,420,125
"614",8,"河内小学校",26,7,34,138,454,130
"615",8,"河内小学校",27,6,17,144,471,135
"616",8,"河内小学校",28,5,17,149,488,140
"617",8,"河内小学校",29,1,2,150,490,145
"618",8,"河内小学校",30,7,15,157,505,150
"619",8,"河内小学校",31,8,23,165,528,155
"620",8,"河内小学校",32,6,14,171,542,160
"621",8,"河内小学校",33,6,21,177,563,165
"622",8,"河内小学校",34,1,5,178,568,170
"623",8,"河内小学校",35,0,0,178,568,175
"624",8,"河内小学校",36,1,1,179,569,180
"625",8,"河内小学校",37,0,0,179,569,185
"626",8,"河内小学校",38,0,0,179,569,190
"627",8,"河内小学校",39,0,0,179,569,195
"628",8,"河内小学校",40,0,0,179,569,200
"629",8,"河内小学校",41,0,0,179,569,205
"630",8,"河内小学校",42,0,0,179,569,210
"631",8,"河内小学校",43,0,0,179,569,215
"632",8,"河内小学校",44,0,0,179,569,220
"633",8,"河内小学校",45,0,0,179,569,225
"634",8,"河内小学校",46,0,0,179,569,230
"635",8,"河内小学校",47,0,0,179,569,235
"636",8,"河内小学校",48,0,0,179,569,240
"637",8,"河内小学校",49,0,0,179,569,245
"638",8,"河内小学校",50,0,0,179,569,250
"639",8,"河内小学校",51,0,0,179,569,255
"640",8,"河内小学校",52,0,0,179,569,260
"641",8,"河内小学校",53,0,0,179,569,265
"642",8,"河内小学校",54,0,0,179,569,270
"643",8,"河内小学校",55,0,0,179,569,275
"644",8,"河内小学校",56,0,0,179,569,280
"645",8,"河内小学校",57,0,0,179,569,285
"646",8,"河内小学校",58,0,0,179,569,290
"647",8,"河内小学校",59,0,0,179,569,295
"648",8,"河内小学校",60,0,0,179,569,300
"649",8,"河内小学校",61,0,0,179,569,305
"650",8,"河内小学校",62,0,0,179,569,310
"651",8,"河内小学校",63,0,0,179,569,315
"652",8,"河内小学校",64,0,0,179,569,320
"653",8,"河内小学校",65,0,0,179,569,325
"654",8,"河内小学校",66,0,0,179,569,330
"655",8,"河内小学校",67,0,0,179,569,335
"656",8,"河内小学校",68,0,0,179,569,340
"657",8,"河内小学校",69,0,0,179,569,345
"658",8,"河内小学校",70,0,0,179,569,350
"659",8,"河内小学校",71,0,0,179,569,355
"660",8,"河内小学校",72,0,0,179,569,360
"661",8,"河内小学校",73,0,0,179,569,365
"662",8,"河内小学校",74,0,0,179,569,370
"663",8,"河内小学校",75,1,2,180,571,375
"664",8,"河内小学校",76,0,0,180,571,380
"665",8,"河内小学校",77,2,4,182,575,385
"666",8,"河内小学校",78,1,1,183,576,390
"667",8,"河内小学校",79,3,6,186,582,395
"668",8,"河内小学校",80,0,0,186,582,400
"669",8,"河内小学校",81,2,4,188,586,405
"670",8,"河内小学校",82,12,23,200,609,410
"671",8,"河内小学校",83,3,5,203,614,415
"672",8,"河内小学校",84,3,6,206,620,420
"673",8,"河内小学校",85,4,8,210,628,425
"674",8,"河内小学校",86,4,11,214,639,430
"675",8,"河内小学校",87,2,6,216,645,435
"676",8,"河内小学校",88,0,0,216,645,440
"677",8,"河内小学校",89,2,5,218,650,445
"678",8,"河内小学校",90,0,0,218,650,450
"679",8,"河内小学校",91,0,0,218,650,455
"680",8,"河内小学校",92,1,4,219,654,460
"681",8,"河内小学校",93,0,0,219,654,465
"682",8,"河内小学校",94,0,0,219,654,470
"683",8,"河内小学校",95,0,0,219,654,475
"684",8,"河内小学校",96,0,0,219,654,480
"685",8,"河内小学校",97,0,0,219,654,485
"686",8,"河内小学校",98,0,0,219,654,490
"687",9,"旧河内小学校白浜分校",1,0,0,0,0,5
"688",9,"旧河内小学校白浜分校",2,1,3,1,3,10
"689",9,"旧河内小学校白浜分校",3,2,4,3,7,15
"690",9,"旧河内小学校白浜分校",4,4,11,7,18,20
"691",9,"旧河内小学校白浜分校",5,3,11,10,29,25
"692",9,"旧河内小学校白浜分校",6,2,14,12,43,30
"693",9,"旧河内小学校白浜分校",7,4,11,16,54,35
"694",9,"旧河内小学校白浜分校",8,2,11,18,65,40
"695",9,"旧河内小学校白浜分校",9,2,9,20,74,45
"696",9,"旧河内小学校白浜分校",10,3,9,23,83,50
"697",9,"旧河内小学校白浜分校",11,5,23,28,106,55
"698",9,"旧河内小学校白浜分校",12,2,7,30,113,60
"699",9,"旧河内小学校白浜分校",13,1,2,31,115,65
"700",9,"旧河内小学校白浜分校",14,2,6,33,121,70
"701",9,"旧河内小学校白浜分校",15,7,20,40,141,75
"702",9,"旧河内小学校白浜分校",16,4,10,44,151,80
"703",9,"旧河内小学校白浜分校",17,8,32,52,183,85
"704",9,"旧河内小学校白浜分校",18,4,17,56,200,90
"705",9,"旧河内小学校白浜分校",19,5,17,61,217,95
"706",9,"旧河内小学校白浜分校",20,4,12,65,229,100
"707",9,"旧河内小学校白浜分校",21,5,19,70,248,105
"708",9,"旧河内小学校白浜分校",22,4,19,74,267,110
"709",9,"旧河内小学校白浜分校",23,1,7,75,274,115
"710",9,"旧河内小学校白浜分校",24,0,0,75,274,120
"711",9,"旧河内小学校白浜分校",25,1,4,76,278,125
"712",9,"旧河内小学校白浜分校",26,4,15,80,293,130
"713",9,"旧河内小学校白浜分校",27,0,0,80,293,135
"714",9,"旧河内小学校白浜分校",28,2,2,82,295,140
"715",9,"旧河内小学校白浜分校",29,0,0,82,295,145
"716",9,"旧河内小学校白浜分校",30,0,0,82,295,150
"717",9,"旧河内小学校白浜分校",31,1,3,83,298,155
"718",9,"旧河内小学校白浜分校",32,1,3,84,301,160
"719",9,"旧河内小学校白浜分校",33,0,0,84,301,165
"720",9,"旧河内小学校白浜分校",34,0,0,84,301,170
"721",9,"旧河内小学校白浜分校",35,0,0,84,301,175
"722",9,"旧河内小学校白浜分校",36,0,0,84,301,180
"723",9,"旧河内小学校白浜分校",37,0,0,84,301,185
"724",9,"旧河内小学校白浜分校",38,0,0,84,301,190
"725",9,"旧河内小学校白浜分校",39,0,0,84,301,195
"726",9,"旧河内小学校白浜分校",40,0,0,84,301,200
"727",9,"旧河内小学校白浜分校",41,0,0,84,301,205
"728",9,"旧河内小学校白浜分校",42,0,0,84,301,210
"729",9,"旧河内小学校白浜分校",43,0,0,84,301,215
"730",9,"旧河内小学校白浜分校",44,0,0,84,301,220
"731",9,"旧河内小学校白浜分校",45,0,0,84,301,225
"732",9,"旧河内小学校白浜分校",46,0,0,84,301,230
"733",9,"旧河内小学校白浜分校",47,0,0,84,301,235
"734",9,"旧河内小学校白浜分校",48,0,0,84,301,240
"735",9,"旧河内小学校白浜分校",49,0,0,84,301,245
"736",9,"旧河内小学校白浜分校",50,0,0,84,301,250
"737",9,"旧河内小学校白浜分校",51,0,0,84,301,255
"738",9,"旧河内小学校白浜分校",52,0,0,84,301,260
"739",9,"旧河内小学校白浜分校",53,0,0,84,301,265
"740",9,"旧河内小学校白浜分校",54,0,0,84,301,270
"741",9,"旧河内小学校白浜分校",55,0,0,84,301,275
"742",9,"旧河内小学校白浜分校",56,0,0,84,301,280
"743",9,"旧河内小学校白浜分校",57,0,0,84,301,285
"744",9,"旧河内小学校白浜分校",58,0,0,84,301,290
"745",9,"旧河内小学校白浜分校",59,0,0,84,301,295
"746",9,"旧河内小学校白浜分校",60,0,0,84,301,300
"747",9,"旧河内小学校白浜分校",61,0,0,84,301,305
"748",9,"旧河内小学校白浜分校",62,0,0,84,301,310
"749",9,"旧河内小学校白浜分校",63,0,0,84,301,315
"750",9,"旧河内小学校白浜分校",64,0,0,84,301,320
"751",9,"旧河内小学校白浜分校",65,0,0,84,301,325
"752",9,"旧河内小学校白浜分校",66,0,0,84,301,330
"753",9,"旧河内小学校白浜分校",67,0,0,84,301,335
"754",9,"旧河内小学校白浜分校",68,0,0,84,301,340
"755",9,"旧河内小学校白浜分校",69,0,0,84,301,345
"756",9,"旧河内小学校白浜分校",70,0,0,84,301,350
"757",9,"旧河内小学校白浜分校",71,0,0,84,301,355
"758",9,"旧河内小学校白浜分校",72,0,0,84,301,360
"759",9,"旧河内小学校白浜分校",73,0,0,84,301,365
"760",9,"旧河内小学校白浜分校",74,0,0,84,301,370
"761",9,"旧河内小学校白浜分校",75,0,0,84,301,375
"762",9,"旧河内小学校白浜分校",76,1,2,85,303,380
"763",9,"旧河内小学校白浜分校",77,4,12,89,315,385
"764",9,"旧河内小学校白浜分校",78,0,0,89,315,390
"765",9,"旧河内小学校白浜分校",79,3,6,92,321,395
"766",9,"旧河内小学校白浜分校",80,3,6,95,327,400
"767",9,"旧河内小学校白浜分校",81,0,0,95,327,405
"768",9,"旧河内小学校白浜分校",82,2,5,97,332,410
"769",9,"旧河内小学校白浜分校",83,1,1,98,333,415
"770",9,"旧河内小学校白浜分校",84,1,5,99,338,420
"771",9,"旧河内小学校白浜分校",85,2,4,101,342,425
"772",9,"旧河内小学校白浜分校",86,0,0,101,342,430
"773",9,"旧河内小学校白浜分校",87,0,0,101,342,435
"774",9,"旧河内小学校白浜分校",88,0,0,101,342,440
"775",9,"旧河内小学校白浜分校",89,0,0,101,342,445
"776",9,"旧河内小学校白浜分校",90,0,0,101,342,450
"777",9,"旧河内小学校白浜分校",91,0,0,101,342,455
"778",9,"旧河内小学校白浜分校",92,0,0,101,342,460
"779",9,"旧河内小学校白浜分校",93,0,0,101,342,465
"780",9,"旧河内小学校白浜分校",94,0,0,101,342,470
"781",9,"旧河内小学校白浜分校",95,0,0,101,342,475
"782",9,"旧河内小学校白浜分校",96,0,0,101,342,480
"783",9,"旧河内小学校白浜分校",97,0,0,101,342,485
"784",9,"旧河内小学校白浜分校",98,0,0,101,342,490
"785",10,"河内中学校",1,0,0,0,0,5
"786",10,"河内中学校",2,0,0,0,0,10
"787",10,"河内中学校",3,1,2,1,2,15
"788",10,"河内中学校",4,1,1,2,3,20
"789",10,"河内中学校",5,5,21,7,24,25
"790",10,"河内中学校",6,3,9,10,33,30
"791",10,"河内中学校",7,1,4,11,37,35
"792",10,"河内中学校",8,1,3,12,40,40
"793",10,"河内中学校",9,3,9,15,49,45
"794",10,"河内中学校",10,3,13,18,62,50
"795",10,"河内中学校",11,1,3,19,65,55
"796",10,"河内中学校",12,5,19,24,84,60
"797",10,"河内中学校",13,3,5,27,89,65
"798",10,"河内中学校",14,4,15,31,104,70
"799",10,"河内中学校",15,5,13,36,117,75
"800",10,"河内中学校",16,5,19,41,136,80
"801",10,"河内中学校",17,1,2,42,138,85
"802",10,"河内中学校",18,6,13,48,151,90
"803",10,"河内中学校",19,4,15,52,166,95
"804",10,"河内中学校",20,1,1,53,167,100
"805",10,"河内中学校",21,9,36,62,203,105
"806",10,"河内中学校",22,3,7,65,210,110
"807",10,"河内中学校",23,1,6,66,216,115
"808",10,"河内中学校",24,3,16,69,232,120
"809",10,"河内中学校",25,3,9,72,241,125
"810",10,"河内中学校",26,4,10,76,251,130
"811",10,"河内中学校",27,1,6,77,257,135
"812",10,"河内中学校",28,0,0,77,257,140
"813",10,"河内中学校",29,1,1,78,258,145
"814",10,"河内中学校",30,1,2,79,260,150
"815",10,"河内中学校",31,0,0,79,260,155
"816",10,"河内中学校",32,0,0,79,260,160
"817",10,"河内中学校",33,0,0,79,260,165
"818",10,"河内中学校",34,0,0,79,260,170
"819",10,"河内中学校",35,0,0,79,260,175
"820",10,"河内中学校",36,0,0,79,260,180
"821",10,"河内中学校",37,0,0,79,260,185
"822",10,"河内中学校",38,0,0,79,260,190
"823",10,"河内中学校",39,0,0,79,260,195
"824",10,"河内中学校",40,0,0,79,260,200
"825",10,"河内中学校",41,0,0,79,260,205
"826",10,"河内中学校",42,0,0,79,260,210
"827",10,"河内中学校",43,0,0,79,260,215
"828",10,"河内中学校",44,0,0,79,260,220
"829",10,"河内中学校",45,0,0,79,260,225
"830",10,"河内中学校",46,0,0,79,260,230
"831",10,"河内中学校",47,0,0,79,260,235
"832",10,"河内中学校",48,0,0,79,260,240
"833",10,"河内中学校",49,0,0,79,260,245
"834",10,"河内中学校",50,0,0,79,260,250
"835",10,"河内中学校",51,0,0,79,260,255
"836",10,"河内中学校",52,0,0,79,260,260
"837",10,"河内中学校",53,0,0,79,260,265
"838",10,"河内中学校",54,0,0,79,260,270
"839",10,"河内中学校",55,0,0,79,260,275
"840",10,"河内中学校",56,0,0,79,260,280
"841",10,"河内中学校",57,0,0,79,260,285
"842",10,"河内中学校",58,0,0,79,260,290
"843",10,"河内中学校",59,0,0,79,260,295
"844",10,"河内中学校",60,0,0,79,260,300
"845",10,"河内中学校",61,0,0,79,260,305
"846",10,"河内中学校",62,0,0,79,260,310
"847",10,"河内中学校",63,0,0,79,260,315
"848",10,"河内中学校",64,0,0,79,260,320
"849",10,"河内中学校",65,0,0,79,260,325
"850",10,"河内中学校",66,0,0,79,260,330
"851",10,"河内中学校",67,0,0,79,260,335
"852",10,"河内中学校",68,0,0,79,260,340
"853",10,"河内中学校",69,0,0,79,260,345
"854",10,"河内中学校",70,0,0,79,260,350
"855",10,"河内中学校",71,0,0,79,260,355
"856",10,"河内中学校",72,0,0,79,260,360
"857",10,"河内中学校",73,0,0,79,260,365
"858",10,"河内中学校",74,0,0,79,260,370
"859",10,"河内中学校",75,3,5,82,265,375
"860",10,"河内中学校",76,0,0,82,265,380
"861",10,"河内中学校",77,1,2,83,267,385
"862",10,"河内中学校",78,4,8,87,275,390
"863",10,"河内中学校",79,6,15,93,290,395
"864",10,"河内中学校",80,4,6,97,296,400
"865",10,"河内中学校",81,3,6,100,302,405
"866",10,"河内中学校",82,6,15,106,317,410
"867",10,"河内中学校",83,3,7,109,324,415
"868",10,"河内中学校",84,2,5,111,329,420
"869",10,"河内中学校",85,3,5,114,334,425
"870",10,"河内中学校",86,0,0,114,334,430
"871",10,"河内中学校",87,1,1,115,335,435
"872",10,"河内中学校",88,1,4,116,339,440
"873",10,"河内中学校",89,0,0,116,339,445
"874",10,"河内中学校",90,0,0,116,339,450
"875",10,"河内中学校",91,0,0,116,339,455
"876",10,"河内中学校",92,0,0,116,339,460
"877",10,"河内中学校",93,0,0,116,339,465
"878",10,"河内中学校",94,1,2,117,341,470
"879",10,"河内中学校",95,0,0,117,341,475
"880",10,"河内中学校",96,0,0,117,341,480
"881",10,"河内中学校",97,0,0,117,341,485
"882",10,"河内中学校",98,0,0,117,341,490
"883",11,"城山小学校",1,0,0,0,0,5
"884",11,"城山小学校",2,2,3,2,3,10
"885",11,"城山小学校",3,3,6,5,9,15
"886",11,"城山小学校",4,5,7,10,16,20
"887",11,"城山小学校",5,17,41,27,57,25
"888",11,"城山小学校",6,9,31,36,88,30
"889",11,"城山小学校",7,18,45,54,133,35
"890",11,"城山小学校",8,15,43,69,176,40
"891",11,"城山小学校",9,12,25,81,201,45
"892",11,"城山小学校",10,10,20,91,221,50
"893",11,"城山小学校",11,11,20,102,241,55
"894",11,"城山小学校",12,8,22,110,263,60
"895",11,"城山小学校",13,9,22,119,285,65
"896",11,"城山小学校",14,13,27,132,312,70
"897",11,"城山小学校",15,9,35,141,347,75
"898",11,"城山小学校",16,17,48,158,395,80
"899",11,"城山小学校",17,11,32,169,427,85
"900",11,"城山小学校",18,16,47,185,474,90
"901",11,"城山小学校",19,20,61,205,535,95
"902",11,"城山小学校",20,13,29,218,564,100
"903",11,"城山小学校",21,16,40,234,604,105
"904",11,"城山小学校",22,13,28,247,632,110
"905",11,"城山小学校",23,16,49,263,681,115
"906",11,"城山小学校",24,9,27,272,708,120
"907",11,"城山小学校",25,6,14,278,722,125
"908",11,"城山小学校",26,12,32,290,754,130
"909",11,"城山小学校",27,7,22,297,776,135
"910",11,"城山小学校",28,5,11,302,787,140
"911",11,"城山小学校",29,3,13,305,800,145
"912",11,"城山小学校",30,1,3,306,803,150
"913",11,"城山小学校",31,0,0,306,803,155
"914",11,"城山小学校",32,0,0,306,803,160
"915",11,"城山小学校",33,0,0,306,803,165
"916",11,"城山小学校",34,0,0,306,803,170
"917",11,"城山小学校",35,0,0,306,803,175
"918",11,"城山小学校",36,0,0,306,803,180
"919",11,"城山小学校",37,0,0,306,803,185
"920",11,"城山小学校",38,0,0,306,803,190
"921",11,"城山小学校",39,0,0,306,803,195
"922",11,"城山小学校",40,0,0,306,803,200
"923",11,"城山小学校",41,0,0,306,803,205
"924",11,"城山小学校",42,0,0,306,803,210
"925",11,"城山小学校",43,0,0,306,803,215
"926",11,"城山小学校",44,0,0,306,803,220
"927",11,"城山小学校",45,0,0,306,803,225
"928",11,"城山小学校",46,0,0,306,803,230
"929",11,"城山小学校",47,0,0,306,803,235
"930",11,"城山小学校",48,0,0,306,803,240
"931",11,"城山小学校",49,0,0,306,803,245
"932",11,"城山小学校",50,0,0,306,803,250
"933",11,"城山小学校",51,0,0,306,803,255
"934",11,"城山小学校",52,0,0,306,803,260
"935",11,"城山小学校",53,0,0,306,803,265
"936",11,"城山小学校",54,0,0,306,803,270
"937",11,"城山小学校",55,0,0,306,803,275
"938",11,"城山小学校",56,0,0,306,803,280
"939",11,"城山小学校",57,0,0,306,803,285
"940",11,"城山小学校",58,0,0,306,803,290
"941",11,"城山小学校",59,0,0,306,803,295
"942",11,"城山小学校",60,0,0,306,803,300
"943",11,"城山小学校",61,0,0,306,803,305
"944",11,"城山小学校",62,0,0,306,803,310
"945",11,"城山小学校",63,0,0,306,803,315
"946",11,"城山小学校",64,0,0,306,803,320
"947",11,"城山小学校",65,0,0,306,803,325
"948",11,"城山小学校",66,0,0,306,803,330
"949",11,"城山小学校",67,0,0,306,803,335
"950",11,"城山小学校",68,0,0,306,803,340
"951",11,"城山小学校",69,0,0,306,803,345
"952",11,"城山小学校",70,0,0,306,803,350
"953",11,"城山小学校",71,0,0,306,803,355
"954",11,"城山小学校",72,0,0,306,803,360
"955",11,"城山小学校",73,1,3,307,806,365
"956",11,"城山小学校",74,11,27,318,833,370
"957",11,"城山小学校",75,28,71,346,904,375
"958",11,"城山小学校",76,28,79,374,983,380
"959",11,"城山小学校",77,40,116,414,1099,385
"960",11,"城山小学校",78,35,105,449,1204,390
"961",11,"城山小学校",79,33,94,482,1298,395
"962",11,"城山小学校",80,26,74,508,1372,400
"963",11,"城山小学校",81,38,101,546,1473,405
"964",11,"城山小学校",82,29,90,575,1563,410
"965",11,"城山小学校",83,32,96,607,1659,415
"966",11,"城山小学校",84,27,79,634,1738,420
"967",11,"城山小学校",85,35,121,669,1859,425
"968",11,"城山小学校",86,20,55,689,1914,430
"969",11,"城山小学校",87,13,39,702,1953,435
"970",11,"城山小学校",88,5,18,707,1971,440
"971",11,"城山小学校",89,3,8,710,1979,445
"972",11,"城山小学校",90,2,9,712,1988,450
"973",11,"城山小学校",91,0,0,712,1988,455
"974",11,"城山小学校",92,0,0,712,1988,460
"975",11,"城山小学校",93,0,0,712,1988,465
"976",11,"城山小学校",94,0,0,712,1988,470
"977",11,"城山小学校",95,0,0,712,1988,475
"978",11,"城山小学校",96,0,0,712,1988,480
"979",11,"城山小学校",97,0,0,712,1988,485
"980",11,"城山小学校",98,0,0,712,1988,490
"981",12,"熊本西高校",1,0,0,0,0,5
"982",12,"熊本西高校",2,1,2,1,2,10
"983",12,"熊本西高校",3,3,8,4,10,15
"984",12,"熊本西高校",4,2,7,6,17,20
"985",12,"熊本西高校",5,3,8,9,25,25
"986",12,"熊本西高校",6,4,17,13,42,30
"987",12,"熊本西高校",7,2,7,15,49,35
"988",12,"熊本西高校",8,2,6,17,55,40
"989",12,"熊本西高校",9,0,0,17,55,45
"990",12,"熊本西高校",10,2,7,19,62,50
"991",12,"熊本西高校",11,1,5,20,67,55
"992",12,"熊本西高校",12,3,8,23,75,60
"993",12,"熊本西高校",13,0,0,23,75,65
"994",12,"熊本西高校",14,5,10,28,85,70
"995",12,"熊本西高校",15,1,4,29,89,75
"996",12,"熊本西高校",16,3,5,32,94,80
"997",12,"熊本西高校",17,2,5,34,99,85
"998",12,"熊本西高校",18,2,4,36,103,90
"999",12,"熊本西高校",19,2,7,38,110,95
"1000",12,"熊本西高校",20,2,3,40,113,100
"1001",12,"熊本西高校",21,3,10,43,123,105
"1002",12,"熊本西高校",22,0,0,43,123,110
"1003",12,"熊本西高校",23,1,1,44,124,115
"1004",12,"熊本西高校",24,5,9,49,133,120
"1005",12,"熊本西高校",25,4,13,53,146,125
"1006",12,"熊本西高校",26,1,2,54,148,130
"1007",12,"熊本西高校",27,1,2,55,150,135
"1008",12,"熊本西高校",28,0,0,55,150,140
"1009",12,"熊本西高校",29,0,0,55,150,145
"1010",12,"熊本西高校",30,0,0,55,150,150
"1011",12,"熊本西高校",31,0,0,55,150,155
"1012",12,"熊本西高校",32,0,0,55,150,160
"1013",12,"熊本西高校",33,0,0,55,150,165
"1014",12,"熊本西高校",34,0,0,55,150,170
"1015",12,"熊本西高校",35,0,0,55,150,175
"1016",12,"熊本西高校",36,0,0,55,150,180
"1017",12,"熊本西高校",37,0,0,55,150,185
"1018",12,"熊本西高校",38,0,0,55,150,190
"1019",12,"熊本西高校",39,0,0,55,150,195
"1020",12,"熊本西高校",40,0,0,55,150,200
"1021",12,"熊本西高校",41,0,0,55,150,205
"1022",12,"熊本西高校",42,0,0,55,150,210
"1023",12,"熊本西高校",43,0,0,55,150,215
"1024",12,"熊本西高校",44,0,0,55,150,220
"1025",12,"熊本西高校",45,0,0,55,150,225
"1026",12,"熊本西高校",46,0,0,55,150,230
"1027",12,"熊本西高校",47,0,0,55,150,235
"1028",12,"熊本西高校",48,0,0,55,150,240
"1029",12,"熊本西高校",49,0,0,55,150,245
"1030",12,"熊本西高校",50,0,0,55,150,250
"1031",12,"熊本西高校",51,0,0,55,150,255
"1032",12,"熊本西高校",52,0,0,55,150,260
"1033",12,"熊本西高校",53,0,0,55,150,265
"1034",12,"熊本西高校",54,0,0,55,150,270
"1035",12,"熊本西高校",55,0,0,55,150,275
"1036",12,"熊本西高校",56,0,0,55,150,280
"1037",12,"熊本西高校",57,0,0,55,150,285
"1038",12,"熊本西高校",58,0,0,55,150,290
"1039",12,"熊本西高校",59,0,0,55,150,295
"1040",12,"熊本西高校",60,0,0,55,150,300
"1041",12,"熊本西高校",61,0,0,55,150,305
"1042",12,"熊本西高校",62,0,0,55,150,310
"1043",12,"熊本西高校",63,0,0,55,150,315
"1044",12,"熊本西高校",64,0,0,55,150,320
"1045",12,"熊本西高校",65,0,0,55,150,325
"1046",12,"熊本西高校",66,0,0,55,150,330
"1047",12,"熊本西高校",67,0,0,55,150,335
"1048",12,"熊本西高校",68,0,0,55,150,340
"1049",12,"熊本西高校",69,0,0,55,150,345
"1050",12,"熊本西高校",70,0,0,55,150,350
"1051",12,"熊本西高校",71,0,0,55,150,355
"1052",12,"熊本西高校",72,0,0,55,150,360
"1053",12,"熊本西高校",73,0,0,55,150,365
"1054",12,"熊本西高校",74,5,9,60,159,370
"1055",12,"熊本西高校",75,5,14,65,173,375
"1056",12,"熊本西高校",76,5,14,70,187,380
"1057",12,"熊本西高校",77,8,25,78,212,385
"1058",12,"熊本西高校",78,12,29,90,241,390
"1059",12,"熊本西高校",79,4,10,94,251,395
"1060",12,"熊本西高校",80,7,20,101,271,400
"1061",12,"熊本西高校",81,10,31,111,302,405
"1062",12,"熊本西高校",82,5,13,116,315,410
"1063",12,"熊本西高校",83,10,22,126,337,415
"1064",12,"熊本西高校",84,8,24,134,361,420
"1065",12,"熊本西高校",85,10,35,144,396,425
"1066",12,"熊本西高校",86,4,10,148,406,430
"1067",12,"熊本西高校",87,0,0,148,406,435
"1068",12,"熊本西高校",88,0,0,148,406,440
"1069",12,"熊本西高校",89,0,0,148,406,445
"1070",12,"熊本西高校",90,0,0,148,406,450
"1071",12,"熊本西高校",91,0,0,148,406,455
"1072",12,"熊本西高校",92,0,0,148,406,460
"1073",12,"熊本西高校",93,0,0,148,406,465
"1074",12,"熊本西高校",94,0,0,148,406,470
"1075",12,"熊本西高校",95,0,0,148,406,475
"1076",12,"熊本西高校",96,0,0,148,406,480
"1077",12,"熊本西高校",97,0,0,148,406,485
"1078",12,"熊本西高校",98,0,0,148,406,490
"1079",13,"西部環境工場",1,0,0,0,0,5
"1080",13,"西部環境工場",2,0,0,0,0,10
"1081",13,"西部環境工場",3,0,0,0,0,15
"1082",13,"西部環境工場",4,0,0,0,0,20
"1083",13,"西部環境工場",5,1,3,1,3,25
"1084",13,"西部環境工場",6,1,3,2,6,30
"1085",13,"西部環境工場",7,5,14,7,20,35
"1086",13,"西部環境工場",8,2,6,9,26,40
"1087",13,"西部環境工場",9,1,2,10,28,45
"1088",13,"西部環境工場",10,4,14,14,42,50
"1089",13,"西部環境工場",11,4,9,18,51,55
"1090",13,"西部環境工場",12,2,3,20,54,60
"1091",13,"西部環境工場",13,3,7,23,61,65
"1092",13,"西部環境工場",14,1,4,24,65,70
"1093",13,"西部環境工場",15,4,14,28,79,75
"1094",13,"西部環境工場",16,4,18,32,97,80
"1095",13,"西部環境工場",17,4,18,36,115,85
"1096",13,"西部環境工場",18,2,2,38,117,90
"1097",13,"西部環境工場",19,2,5,40,122,95
"1098",13,"西部環境工場",20,2,5,42,127,100
"1099",13,"西部環境工場",21,2,8,44,135,105
"1100",13,"西部環境工場",22,3,6,47,141,110
"1101",13,"西部環境工場",23,4,10,51,151,115
"1102",13,"西部環境工場",24,7,13,58,164,120
"1103",13,"西部環境工場",25,1,3,59,167,125
"1104",13,"西部環境工場",26,2,10,61,177,130
"1105",13,"西部環境工場",27,3,6,64,183,135
"1106",13,"西部環境工場",28,1,2,65,185,140
"1107",13,"西部環境工場",29,0,0,65,185,145
"1108",13,"西部環境工場",30,0,0,65,185,150
"1109",13,"西部環境工場",31,0,0,65,185,155
"1110",13,"西部環境工場",32,0,0,65,185,160
"1111",13,"西部環境工場",33,0,0,65,185,165
"1112",13,"西部環境工場",34,0,0,65,185,170
"1113",13,"西部環境工場",35,0,0,65,185,175
"1114",13,"西部環境工場",36,0,0,65,185,180
"1115",13,"西部環境工場",37,0,0,65,185,185
"1116",13,"西部環境工場",38,0,0,65,185,190
"1117",13,"西部環境工場",39,0,0,65,185,195
"1118",13,"西部環境工場",40,0,0,65,185,200
"1119",13,"西部環境工場",41,0,0,65,185,205
"1120",13,"西部環境工場",42,0,0,65,185,210
"1121",13,"西部環境工場",43,0,0,65,185,215
"1122",13,"西部環境工場",44,0,0,65,185,220
"1123",13,"西部環境工場",45,0,0,65,185,225
"1124",13,"西部環境工場",46,0,0,65,185,230
"1125",13,"西部環境工場",47,0,0,65,185,235
"1126",13,"西部環境工場",48,0,0,65,185,240
"1127",13,"西部環境工場",49,0,0,65,185,245
"1128",13,"西部環境工場",50,0,0,65,185,250
"1129",13,"西部環境工場",51,0,0,65,185,255
"1130",13,"西部環境工場",52,0,0,65,185,260
"1131",13,"西部環境工場",53,0,0,65,185,265
"1132",13,"西部環境工場",54,0,0,65,185,270
"1133",13,"西部環境工場",55,0,0,65,185,275
"1134",13,"西部環境工場",56,0,0,65,185,280
"1135",13,"西部環境工場",57,0,0,65,185,285
"1136",13,"西部環境工場",58,0,0,65,185,290
"1137",13,"西部環境工場",59,0,0,65,185,295
"1138",13,"西部環境工場",60,0,0,65,185,300
"1139",13,"西部環境工場",61,0,0,65,185,305
"1140",13,"西部環境工場",62,0,0,65,185,310
"1141",13,"西部環境工場",63,0,0,65,185,315
"1142",13,"西部環境工場",64,0,0,65,185,320
"1143",13,"西部環境工場",65,0,0,65,185,325
"1144",13,"西部環境工場",66,0,0,65,185,330
"1145",13,"西部環境工場",67,0,0,65,185,335
"1146",13,"西部環境工場",68,0,0,65,185,340
"1147",13,"西部環境工場",69,0,0,65,185,345
"1148",13,"西部環境工場",70,0,0,65,185,350
"1149",13,"西部環境工場",71,0,0,65,185,355
"1150",13,"西部環境工場",72,0,0,65,185,360
"1151",13,"西部環境工場",73,0,0,65,185,365
"1152",13,"西部環境工場",74,0,0,65,185,370
"1153",13,"西部環境工場",75,2,3,67,188,375
"1154",13,"西部環境工場",76,2,3,69,191,380
"1155",13,"西部環境工場",77,6,20,75,211,385
"1156",13,"西部環境工場",78,0,0,75,211,390
"1157",13,"西部環境工場",79,6,19,81,230,395
"1158",13,"西部環境工場",80,5,13,86,243,400
"1159",13,"西部環境工場",81,3,5,89,248,405
"1160",13,"西部環境工場",82,5,15,94,263,410
"1161",13,"西部環境工場",83,5,16,99,279,415
"1162",13,"西部環境工場",84,4,12,103,291,420
"1163",13,"西部環境工場",85,1,4,104,295,425
"1164",13,"西部環境工場",86,5,12,109,307,430
"1165",13,"西部環境工場",87,6,24,115,331,435
"1166",13,"西部環境工場",88,3,14,118,345,440
"1167",13,"西部環境工場",89,1,3,119,348,445
"1168",13,"西部環境工場",90,0,0,119,348,450
"1169",13,"西部環境工場",91,0,0,119,348,455
"1170",13,"西部環境工場",92,0,0,119,348,460
"1171",13,"西部環境工場",93,0,0,119,348,465
"1172",13,"西部環境工場",94,0,0,119,348,470
"1173",13,"西部環境工場",95,0,0,119,348,475
"1174",13,"西部環境工場",96,0,0,119,348,480
"1175",13,"西部環境工場",97,0,0,119,348,485
"1176",13,"西部環境工場",98,0,0,119,348,490
"1177",15,"花陵中学校",1,0,0,0,0,5
"1178",15,"花陵中学校",2,0,0,0,0,10
"1179",15,"花陵中学校",3,0,0,0,0,15
"1180",15,"花陵中学校",4,1,4,1,4,20
"1181",15,"花陵中学校",5,0,0,1,4,25
"1182",15,"花陵中学校",6,1,4,2,8,30
"1183",15,"花陵中学校",7,3,11,5,19,35
"1184",15,"花陵中学校",8,1,1,6,20,40
"1185",15,"花陵中学校",9,4,18,10,38,45
"1186",15,"花陵中学校",10,1,2,11,40,50
"1187",15,"花陵中学校",11,1,6,12,46,55
"1188",15,"花陵中学校",12,1,1,13,47,60
"1189",15,"花陵中学校",13,4,9,17,56,65
"1190",15,"花陵中学校",14,2,5,19,61,70
"1191",15,"花陵中学校",15,1,2,20,63,75
"1192",15,"花陵中学校",16,0,0,20,63,80
"1193",15,"花陵中学校",17,3,9,23,72,85
"1194",15,"花陵中学校",18,1,3,24,75,90
"1195",15,"花陵中学校",19,3,6,27,81,95
"1196",15,"花陵中学校",20,1,3,28,84,100
"1197",15,"花陵中学校",21,1,7,29,91,105
"1198",15,"花陵中学校",22,3,7,32,98,110
"1199",15,"花陵中学校",23,2,7,34,105,115
"1200",15,"花陵中学校",24,3,12,37,117,120
"1201",15,"花陵中学校",25,3,6,40,123,125
"1202",15,"花陵中学校",26,2,7,42,130,130
"1203",15,"花陵中学校",27,1,2,43,132,135
"1204",15,"花陵中学校",28,1,3,44,135,140
"1205",15,"花陵中学校",29,2,10,46,145,145
"1206",15,"花陵中学校",30,1,7,47,152,150
"1207",15,"花陵中学校",31,0,0,47,152,155
"1208",15,"花陵中学校",32,0,0,47,152,160
"1209",15,"花陵中学校",33,0,0,47,152,165
"1210",15,"花陵中学校",34,0,0,47,152,170
"1211",15,"花陵中学校",35,0,0,47,152,175
"1212",15,"花陵中学校",36,0,0,47,152,180
"1213",15,"花陵中学校",37,0,0,47,152,185
"1214",15,"花陵中学校",38,0,0,47,152,190
"1215",15,"花陵中学校",39,0,0,47,152,195
"1216",15,"花陵中学校",40,0,0,47,152,200
"1217",15,"花陵中学校",41,0,0,47,152,205
"1218",15,"花陵中学校",42,0,0,47,152,210
"1219",15,"花陵中学校",43,0,0,47,152,215
"1220",15,"花陵中学校",44,0,0,47,152,220
"1221",15,"花陵中学校",45,0,0,47,152,225
"1222",15,"花陵中学校",46,0,0,47,152,230
"1223",15,"花陵中学校",47,0,0,47,152,235
"1224",15,"花陵中学校",48,0,0,47,152,240
"1225",15,"花陵中学校",49,0,0,47,152,245
"1226",15,"花陵中学校",50,0,0,47,152,250
"1227",15,"花陵中学校",51,0,0,47,152,255
"1228",15,"花陵中学校",52,0,0,47,152,260
"1229",15,"花陵中学校",53,0,0,47,152,265
"1230",15,"花陵中学校",54,0,0,47,152,270
"1231",15,"花陵中学校",55,0,0,47,152,275
"1232",15,"花陵中学校",56,0,0,47,152,280
"1233",15,"花陵中学校",57,0,0,47,152,285
"1234",15,"花陵中学校",58,0,0,47,152,290
"1235",15,"花陵中学校",59,0,0,47,152,295
"1236",15,"花陵中学校",60,0,0,47,152,300
"1237",15,"花陵中学校",61,0,0,47,152,305
"1238",15,"花陵中学校",62,0,0,47,152,310
"1239",15,"花陵中学校",63,0,0,47,152,315
"1240",15,"花陵中学校",64,0,0,47,152,320
"1241",15,"花陵中学校",65,0,0,47,152,325
"1242",15,"花陵中学校",66,0,0,47,152,330
"1243",15,"花陵中学校",67,0,0,47,152,335
"1244",15,"花陵中学校",68,0,0,47,152,340
"1245",15,"花陵中学校",69,0,0,47,152,345
"1246",15,"花陵中学校",70,0,0,47,152,350
"1247",15,"花陵中学校",71,0,0,47,152,355
"1248",15,"花陵中学校",72,0,0,47,152,360
"1249",15,"花陵中学校",73,0,0,47,152,365
"1250",15,"花陵中学校",74,2,3,49,155,370
"1251",15,"花陵中学校",75,5,13,54,168,375
"1252",15,"花陵中学校",76,0,0,54,168,380
"1253",15,"花陵中学校",77,4,12,58,180,385
"1254",15,"花陵中学校",78,3,7,61,187,390
"1255",15,"花陵中学校",79,5,11,66,198,395
"1256",15,"花陵中学校",80,5,6,71,204,400
"1257",15,"花陵中学校",81,6,9,77,213,405
"1258",15,"花陵中学校",82,5,11,82,224,410
"1259",15,"花陵中学校",83,3,12,85,236,415
"1260",15,"花陵中学校",84,4,10,89,246,420
"1261",15,"花陵中学校",85,6,16,95,262,425
"1262",15,"花陵中学校",86,3,8,98,270,430
"1263",15,"花陵中学校",87,3,7,101,277,435
"1264",15,"花陵中学校",88,3,13,104,290,440
"1265",15,"花陵中学校",89,1,3,105,293,445
"1266",15,"花陵中学校",90,0,0,105,293,450
"1267",15,"花陵中学校",91,1,4,106,297,455
"1268",15,"花陵中学校",92,0,0,106,297,460
"1269",15,"花陵中学校",93,0,0,106,297,465
"1270",15,"花陵中学校",94,0,0,106,297,470
"1271",15,"花陵中学校",95,0,0,106,297,475
"1272",15,"花陵中学校",96,0,0,106,297,480
"1273",15,"花陵中学校",97,0,0,106,297,485
"1274",15,"花陵中学校",98,0,0,106,297,490
"1275",16,"高橋小学校",1,0,0,0,0,5
"1276",16,"高橋小学校",2,1,1,1,1,10
"1277",16,"高橋小学校",3,3,5,4,6,15
"1278",16,"高橋小学校",4,4,10,8,16,20
"1279",16,"高橋小学校",5,3,9,11,25,25
"1280",16,"高橋小学校",6,7,10,18,35,30
"1281",16,"高橋小学校",7,6,13,24,48,35
"1282",16,"高橋小学校",8,8,20,32,68,40
"1283",16,"高橋小学校",9,7,13,39,81,45
"1284",16,"高橋小学校",10,4,11,43,92,50
"1285",16,"高橋小学校",11,7,15,50,107,55
"1286",16,"高橋小学校",12,6,15,56,122,60
"1287",16,"高橋小学校",13,7,20,63,142,65
"1288",16,"高橋小学校",14,0,0,63,142,70
"1289",16,"高橋小学校",15,7,17,70,159,75
"1290",16,"高橋小学校",16,6,18,76,177,80
"1291",16,"高橋小学校",17,7,20,83,197,85
"1292",16,"高橋小学校",18,4,8,87,205,90
"1293",16,"高橋小学校",19,3,6,90,211,95
"1294",16,"高橋小学校",20,4,13,94,224,100
"1295",16,"高橋小学校",21,10,29,104,253,105
"1296",16,"高橋小学校",22,8,18,112,271,110
"1297",16,"高橋小学校",23,7,21,119,292,115
"1298",16,"高橋小学校",24,9,27,128,319,120
"1299",16,"高橋小学校",25,4,9,132,328,125
"1300",16,"高橋小学校",26,4,9,136,337,130
"1301",16,"高橋小学校",27,2,5,138,342,135
"1302",16,"高橋小学校",28,1,3,139,345,140
"1303",16,"高橋小学校",29,0,0,139,345,145
"1304",16,"高橋小学校",30,0,0,139,345,150
"1305",16,"高橋小学校",31,0,0,139,345,155
"1306",16,"高橋小学校",32,0,0,139,345,160
"1307",16,"高橋小学校",33,0,0,139,345,165
"1308",16,"高橋小学校",34,0,0,139,345,170
"1309",16,"高橋小学校",35,0,0,139,345,175
"1310",16,"高橋小学校",36,0,0,139,345,180
"1311",16,"高橋小学校",37,0,0,139,345,185
"1312",16,"高橋小学校",38,0,0,139,345,190
"1313",16,"高橋小学校",39,0,0,139,345,195
"1314",16,"高橋小学校",40,0,0,139,345,200
"1315",16,"高橋小学校",41,0,0,139,345,205
"1316",16,"高橋小学校",42,0,0,139,345,210
"1317",16,"高橋小学校",43,0,0,139,345,215
"1318",16,"高橋小学校",44,0,0,139,345,220
"1319",16,"高橋小学校",45,0,0,139,345,225
"1320",16,"高橋小学校",46,0,0,139,345,230
"1321",16,"高橋小学校",47,0,0,139,345,235
"1322",16,"高橋小学校",48,0,0,139,345,240
"1323",16,"高橋小学校",49,0,0,139,345,245
"1324",16,"高橋小学校",50,0,0,139,345,250
"1325",16,"高橋小学校",51,0,0,139,345,255
"1326",16,"高橋小学校",52,0,0,139,345,260
"1327",16,"高橋小学校",53,0,0,139,345,265
"1328",16,"高橋小学校",54,0,0,139,345,270
"1329",16,"高橋小学校",55,0,0,139,345,275
"1330",16,"高橋小学校",56,0,0,139,345,280
"1331",16,"高橋小学校",57,0,0,139,345,285
"1332",16,"高橋小学校",58,0,0,139,345,290
"1333",16,"高橋小学校",59,0,0,139,345,295
"1334",16,"高橋小学校",60,0,0,139,345,300
"1335",16,"高橋小学校",61,0,0,139,345,305
"1336",16,"高橋小学校",62,0,0,139,345,310
"1337",16,"高橋小学校",63,0,0,139,345,315
"1338",16,"高橋小学校",64,0,0,139,345,320
"1339",16,"高橋小学校",65,0,0,139,345,325
"1340",16,"高橋小学校",66,0,0,139,345,330
"1341",16,"高橋小学校",67,0,0,139,345,335
"1342",16,"高橋小学校",68,0,0,139,345,340
"1343",16,"高橋小学校",69,0,0,139,345,345
"1344",16,"高橋小学校",70,0,0,139,345,350
"1345",16,"高橋小学校",71,0,0,139,345,355
"1346",16,"高橋小学校",72,0,0,139,345,360
"1347",16,"高橋小学校",73,1,1,140,346,365
"1348",16,"高橋小学校",74,2,7,142,353,370
"1349",16,"高橋小学校",75,9,24,151,377,375
"1350",16,"高橋小学校",76,13,40,164,417,380
"1351",16,"高橋小学校",77,11,27,175,444,385
"1352",16,"高橋小学校",78,8,23,183,467,390
"1353",16,"高橋小学校",79,13,30,196,497,395
"1354",16,"高橋小学校",80,10,23,206,520,400
"1355",16,"高橋小学校",81,24,61,230,581,405
"1356",16,"高橋小学校",82,10,25,240,606,410
"1357",16,"高橋小学校",83,11,20,251,626,415
"1358",16,"高橋小学校",84,14,27,265,653,420
"1359",16,"高橋小学校",85,12,30,277,683,425
"1360",16,"高橋小学校",86,9,24,286,707,430
"1361",16,"高橋小学校",87,4,10,290,717,435
"1362",16,"高橋小学校",88,0,0,290,717,440
"1363",16,"高橋小学校",89,0,0,290,717,445
"1364",16,"高橋小学校",90,0,0,290,717,450
"1365",16,"高橋小学校",91,0,0,290,717,455
"1366",16,"高橋小学校",92,0,0,290,717,460
"1367",16,"高橋小学校",93,0,0,290,717,465
"1368",16,"高橋小学校",94,0,0,290,717,470
"1369",16,"高橋小学校",95,0,0,290,717,475
"1370",16,"高橋小学校",96,0,0,290,717,480
"1371",16,"高橋小学校",97,0,0,290,717,485
"1372",16,"高橋小学校",98,0,0,290,717,490
"1373",17,"中島小学校",1,0,0,0,0,5
"1374",17,"中島小学校",2,0,0,0,0,10
"1375",17,"中島小学校",3,1,2,1,2,15
"1376",17,"中島小学校",4,1,2,2,4,20
"1377",17,"中島小学校",5,3,9,5,13,25
"1378",17,"中島小学校",6,6,15,11,28,30
"1379",17,"中島小学校",7,5,8,16,36,35
"1380",17,"中島小学校",8,13,49,29,85,40
"1381",17,"中島小学校",9,8,19,37,104,45
"1382",17,"中島小学校",10,15,48,52,152,50
"1383",17,"中島小学校",11,16,54,68,206,55
"1384",17,"中島小学校",12,14,37,82,243,60
"1385",17,"中島小学校",13,23,66,105,309,65
"1386",17,"中島小学校",14,18,58,123,367,70
"1387",17,"中島小学校",15,13,38,136,405,75
"1388",17,"中島小学校",16,13,39,149,444,80
"1389",17,"中島小学校",17,12,42,161,486,85
"1390",17,"中島小学校",18,18,55,179,541,90
"1391",17,"中島小学校",19,13,48,192,589,95
"1392",17,"中島小学校",20,20,68,212,657,100
"1393",17,"中島小学校",21,14,41,226,698,105
"1394",17,"中島小学校",22,13,36,239,734,110
"1395",17,"中島小学校",23,14,40,253,774,115
"1396",17,"中島小学校",24,24,79,277,853,120
"1397",17,"中島小学校",25,10,31,287,884,125
"1398",17,"中島小学校",26,15,39,302,923,130
"1399",17,"中島小学校",27,15,58,317,981,135
"1400",17,"中島小学校",28,14,29,331,1010,140
"1401",17,"中島小学校",29,13,39,344,1049,145
"1402",17,"中島小学校",30,11,42,355,1091,150
"1403",17,"中島小学校",31,6,18,361,1109,155
"1404",17,"中島小学校",32,7,27,368,1136,160
"1405",17,"中島小学校",33,2,6,370,1142,165
"1406",17,"中島小学校",34,5,14,375,1156,170
"1407",17,"中島小学校",35,3,8,378,1164,175
"1408",17,"中島小学校",36,4,12,382,1176,180
"1409",17,"中島小学校",37,1,1,383,1177,185
"1410",17,"中島小学校",38,0,0,383,1177,190
"1411",17,"中島小学校",39,0,0,383,1177,195
"1412",17,"中島小学校",40,0,0,383,1177,200
"1413",17,"中島小学校",41,0,0,383,1177,205
"1414",17,"中島小学校",42,0,0,383,1177,210
"1415",17,"中島小学校",43,0,0,383,1177,215
"1416",17,"中島小学校",44,0,0,383,1177,220
"1417",17,"中島小学校",45,0,0,383,1177,225
"1418",17,"中島小学校",46,0,0,383,1177,230
"1419",17,"中島小学校",47,0,0,383,1177,235
"1420",17,"中島小学校",48,0,0,383,1177,240
"1421",17,"中島小学校",49,0,0,383,1177,245
"1422",17,"中島小学校",50,0,0,383,1177,250
"1423",17,"中島小学校",51,0,0,383,1177,255
"1424",17,"中島小学校",52,0,0,383,1177,260
"1425",17,"中島小学校",53,0,0,383,1177,265
"1426",17,"中島小学校",54,0,0,383,1177,270
"1427",17,"中島小学校",55,0,0,383,1177,275
"1428",17,"中島小学校",56,0,0,383,1177,280
"1429",17,"中島小学校",57,0,0,383,1177,285
"1430",17,"中島小学校",58,0,0,383,1177,290
"1431",17,"中島小学校",59,0,0,383,1177,295
"1432",17,"中島小学校",60,0,0,383,1177,300
"1433",17,"中島小学校",61,0,0,383,1177,305
"1434",17,"中島小学校",62,0,0,383,1177,310
"1435",17,"中島小学校",63,0,0,383,1177,315
"1436",17,"中島小学校",64,0,0,383,1177,320
"1437",17,"中島小学校",65,0,0,383,1177,325
"1438",17,"中島小学校",66,0,0,383,1177,330
"1439",17,"中島小学校",67,0,0,383,1177,335
"1440",17,"中島小学校",68,0,0,383,1177,340
"1441",17,"中島小学校",69,0,0,383,1177,345
"1442",17,"中島小学校",70,0,0,383,1177,350
"1443",17,"中島小学校",71,0,0,383,1177,355
"1444",17,"中島小学校",72,0,0,383,1177,360
"1445",17,"中島小学校",73,0,0,383,1177,365
"1446",17,"中島小学校",74,2,7,385,1184,370
"1447",17,"中島小学校",75,2,6,387,1190,375
"1448",17,"中島小学校",76,5,14,392,1204,380
"1449",17,"中島小学校",77,12,30,404,1234,385
"1450",17,"中島小学校",78,22,57,426,1291,390
"1451",17,"中島小学校",79,20,50,446,1341,395
"1452",17,"中島小学校",80,15,39,461,1380,400
"1453",17,"中島小学校",81,9,23,470,1403,405
"1454",17,"中島小学校",82,12,33,482,1436,410
"1455",17,"中島小学校",83,16,49,498,1485,415
"1456",17,"中島小学校",84,14,40,512,1525,420
"1457",17,"中島小学校",85,19,58,531,1583,425
"1458",17,"中島小学校",86,15,29,546,1612,430
"1459",17,"中島小学校",87,21,70,567,1682,435
"1460",17,"中島小学校",88,14,43,581,1725,440
"1461",17,"中島小学校",89,12,31,593,1756,445
"1462",17,"中島小学校",90,3,10,596,1766,450
"1463",17,"中島小学校",91,7,21,603,1787,455
"1464",17,"中島小学校",92,6,14,609,1801,460
"1465",17,"中島小学校",93,1,4,610,1805,465
"1466",17,"中島小学校",94,1,5,611,1810,470
"1467",17,"中島小学校",95,1,5,612,1815,475
"1468",17,"中島小学校",96,0,0,612,1815,480
"1469",17,"中島小学校",97,0,0,612,1815,485
"1470",17,"中島小学校",98,0,0,612,1815,490
"1471",20,"旧松尾西小学校",1,0,0,0,0,5
"1472",20,"旧松尾西小学校",2,0,0,0,0,10
"1473",20,"旧松尾西小学校",3,0,0,0,0,15
"1474",20,"旧松尾西小学校",4,0,0,0,0,20
"1475",20,"旧松尾西小学校",5,0,0,0,0,25
"1476",20,"旧松尾西小学校",6,2,4,2,4,30
"1477",20,"旧松尾西小学校",7,1,3,3,7,35
"1478",20,"旧松尾西小学校",8,1,4,4,11,40
"1479",20,"旧松尾西小学校",9,2,10,6,21,45
"1480",20,"旧松尾西小学校",10,1,2,7,23,50
"1481",20,"旧松尾西小学校",11,3,6,10,29,55
"1482",20,"旧松尾西小学校",12,6,12,16,41,60
"1483",20,"旧松尾西小学校",13,5,16,21,57,65
"1484",20,"旧松尾西小学校",14,2,8,23,65,70
"1485",20,"旧松尾西小学校",15,6,13,29,78,75
"1486",20,"旧松尾西小学校",16,6,10,35,88,80
"1487",20,"旧松尾西小学校",17,8,27,43,115,85
"1488",20,"旧松尾西小学校",18,2,2,45,117,90
"1489",20,"旧松尾西小学校",19,5,12,50,129,95
"1490",20,"旧松尾西小学校",20,4,9,54,138,100
"1491",20,"旧松尾西小学校",21,3,6,57,144,105
"1492",20,"旧松尾西小学校",22,4,7,61,151,110
"1493",20,"旧松尾西小学校",23,4,11,65,162,115
"1494",20,"旧松尾西小学校",24,1,3,66,165,120
"1495",20,"旧松尾西小学校",25,3,12,69,177,125
"1496",20,"旧松尾西小学校",26,7,24,76,201,130
"1497",20,"旧松尾西小学校",27,4,17,80,218,135
"1498",20,"旧松尾西小学校",28,6,17,86,235,140
"1499",20,"旧松尾西小学校",29,1,2,87,237,145
"1500",20,"旧松尾西小学校",30,2,3,89,240,150
"1501",20,"旧松尾西小学校",31,3,13,92,253,155
"1502",20,"旧松尾西小学校",32,0,0,92,253,160
"1503",20,"旧松尾西小学校",33,2,9,94,262,165
"1504",20,"旧松尾西小学校",34,1,6,95,268,170
"1505",20,"旧松尾西小学校",35,0,0,95,268,175
"1506",20,"旧松尾西小学校",36,0,0,95,268,180
"1507",20,"旧松尾西小学校",37,0,0,95,268,185
"1508",20,"旧松尾西小学校",38,0,0,95,268,190
"1509",20,"旧松尾西小学校",39,0,0,95,268,195
"1510",20,"旧松尾西小学校",40,0,0,95,268,200
"1511",20,"旧松尾西小学校",41,0,0,95,268,205
"1512",20,"旧松尾西小学校",42,0,0,95,268,210
"1513",20,"旧松尾西小学校",43,0,0,95,268,215
"1514",20,"旧松尾西小学校",44,0,0,95,268,220
"1515",20,"旧松尾西小学校",45,0,0,95,268,225
"1516",20,"旧松尾西小学校",46,0,0,95,268,230
"1517",20,"旧松尾西小学校",47,0,0,95,268,235
"1518",20,"旧松尾西小学校",48,0,0,95,268,240
"1519",20,"旧松尾西小学校",49,0,0,95,268,245
"1520",20,"旧松尾西小学校",50,0,0,95,268,250
"1521",20,"旧松尾西小学校",51,0,0,95,268,255
"1522",20,"旧松尾西小学校",52,0,0,95,268,260
"1523",20,"旧松尾西小学校",53,0,0,95,268,265
"1524",20,"旧松尾西小学校",54,0,0,95,268,270
"1525",20,"旧松尾西小学校",55,0,0,95,268,275
"1526",20,"旧松尾西小学校",56,0,0,95,268,280
"1527",20,"旧松尾西小学校",57,0,0,95,268,285
"1528",20,"旧松尾西小学校",58,0,0,95,268,290
"1529",20,"旧松尾西小学校",59,0,0,95,268,295
"1530",20,"旧松尾西小学校",60,0,0,95,268,300
"1531",20,"旧松尾西小学校",61,0,0,95,268,305
"1532",20,"旧松尾西小学校",62,0,0,95,268,310
"1533",20,"旧松尾西小学校",63,0,0,95,268,315
"1534",20,"旧松尾西小学校",64,0,0,95,268,320
"1535",20,"旧松尾西小学校",65,0,0,95,268,325
"1536",20,"旧松尾西小学校",66,0,0,95,268,330
"1537",20,"旧松尾西小学校",67,0,0,95,268,335
"1538",20,"旧松尾西小学校",68,0,0,95,268,340
"1539",20,"旧松尾西小学校",69,0,0,95,268,345
"1540",20,"旧松尾西小学校",70,0,0,95,268,350
"1541",20,"旧松尾西小学校",71,0,0,95,268,355
"1542",20,"旧松尾西小学校",72,0,0,95,268,360
"1543",20,"旧松尾西小学校",73,0,0,95,268,365
"1544",20,"旧松尾西小学校",74,1,2,96,270,370
"1545",20,"旧松尾西小学校",75,0,0,96,270,375
"1546",20,"旧松尾西小学校",76,1,5,97,275,380
"1547",20,"旧松尾西小学校",77,5,8,102,283,385
"1548",20,"旧松尾西小学校",78,4,8,106,291,390
"1549",20,"旧松尾西小学校",79,5,16,111,307,395
"1550",20,"旧松尾西小学校",80,6,9,117,316,400
"1551",20,"旧松尾西小学校",81,1,2,118,318,405
"1552",20,"旧松尾西小学校",82,1,1,119,319,410
"1553",20,"旧松尾西小学校",83,4,8,123,327,415
"1554",20,"旧松尾西小学校",84,2,10,125,337,420
"1555",20,"旧松尾西小学校",85,1,2,126,339,425
"1556",20,"旧松尾西小学校",86,2,4,128,343,430
"1557",20,"旧松尾西小学校",87,3,8,131,351,435
"1558",20,"旧松尾西小学校",88,1,6,132,357,440
"1559",20,"旧松尾西小学校",89,1,3,133,360,445
"1560",20,"旧松尾西小学校",90,2,2,135,362,450
"1561",20,"旧松尾西小学校",91,0,0,135,362,455
"1562",20,"旧松尾西小学校",92,0,0,135,362,460
"1563",20,"旧松尾西小学校",93,0,0,135,362,465
"1564",20,"旧松尾西小学校",94,0,0,135,362,470
"1565",20,"旧松尾西小学校",95,0,0,135,362,475
"1566",20,"旧松尾西小学校",96,0,0,135,362,480
"1567",20,"旧松尾西小学校",97,0,0,135,362,485
"1568",20,"旧松尾西小学校",98,0,0,135,362,490
"1569",22,"飽田東小学校",1,0,0,0,0,5
"1570",22,"飽田東小学校",2,3,7,3,7,10
"1571",22,"飽田東小学校",3,2,8,5,15,15
"1572",22,"飽田東小学校",4,11,33,16,48,20
"1573",22,"飽田東小学校",5,12,40,28,88,25
"1574",22,"飽田東小学校",6,10,28,38,116,30
"1575",22,"飽田東小学校",7,10,33,48,149,35
"1576",22,"飽田東小学校",8,12,32,60,181,40
"1577",22,"飽田東小学校",9,12,40,72,221,45
"1578",22,"飽田東小学校",10,9,30,81,251,50
"1579",22,"飽田東小学校",11,11,26,92,277,55
"1580",22,"飽田東小学校",12,13,31,105,308,60
"1581",22,"飽田東小学校",13,14,43,119,351,65
"1582",22,"飽田東小学校",14,11,24,130,375,70
"1583",22,"飽田東小学校",15,8,27,138,402,75
"1584",22,"飽田東小学校",16,13,36,151,438,80
"1585",22,"飽田東小学校",17,14,36,165,474,85
"1586",22,"飽田東小学校",18,12,23,177,497,90
"1587",22,"飽田東小学校",19,14,32,191,529,95
"1588",22,"飽田東小学校",20,5,13,196,542,100
"1589",22,"飽田東小学校",21,10,25,206,567,105
"1590",22,"飽田東小学校",22,10,33,216,600,110
"1591",22,"飽田東小学校",23,7,21,223,621,115
"1592",22,"飽田東小学校",24,15,40,238,661,120
"1593",22,"飽田東小学校",25,12,37,250,698,125
"1594",22,"飽田東小学校",26,9,27,259,725,130
"1595",22,"飽田東小学校",27,5,17,264,742,135
"1596",22,"飽田東小学校",28,3,5,267,747,140
"1597",22,"飽田東小学校",29,0,0,267,747,145
"1598",22,"飽田東小学校",30,1,5,268,752,150
"1599",22,"飽田東小学校",31,0,0,268,752,155
"1600",22,"飽田東小学校",32,0,0,268,752,160
"1601",22,"飽田東小学校",33,0,0,268,752,165
"1602",22,"飽田東小学校",34,0,0,268,752,170
"1603",22,"飽田東小学校",35,0,0,268,752,175
"1604",22,"飽田東小学校",36,0,0,268,752,180
"1605",22,"飽田東小学校",37,0,0,268,752,185
"1606",22,"飽田東小学校",38,0,0,268,752,190
"1607",22,"飽田東小学校",39,0,0,268,752,195
"1608",22,"飽田東小学校",40,0,0,268,752,200
"1609",22,"飽田東小学校",41,0,0,268,752,205
"1610",22,"飽田東小学校",42,0,0,268,752,210
"1611",22,"飽田東小学校",43,0,0,268,752,215
"1612",22,"飽田東小学校",44,0,0,268,752,220
"1613",22,"飽田東小学校",45,0,0,268,752,225
"1614",22,"飽田東小学校",46,0,0,268,752,230
"1615",22,"飽田東小学校",47,0,0,268,752,235
"1616",22,"飽田東小学校",48,0,0,268,752,240
"1617",22,"飽田東小学校",49,0,0,268,752,245
"1618",22,"飽田東小学校",50,0,0,268,752,250
"1619",22,"飽田東小学校",51,0,0,268,752,255
"1620",22,"飽田東小学校",52,0,0,268,752,260
"1621",22,"飽田東小学校",53,0,0,268,752,265
"1622",22,"飽田東小学校",54,0,0,268,752,270
"1623",22,"飽田東小学校",55,0,0,268,752,275
"1624",22,"飽田東小学校",56,0,0,268,752,280
"1625",22,"飽田東小学校",57,0,0,268,752,285
"1626",22,"飽田東小学校",58,0,0,268,752,290
"1627",22,"飽田東小学校",59,0,0,268,752,295
"1628",22,"飽田東小学校",60,0,0,268,752,300
"1629",22,"飽田東小学校",61,0,0,268,752,305
"1630",22,"飽田東小学校",62,0,0,268,752,310
"1631",22,"飽田東小学校",63,0,0,268,752,315
"1632",22,"飽田東小学校",64,0,0,268,752,320
"1633",22,"飽田東小学校",65,0,0,268,752,325
"1634",22,"飽田東小学校",66,0,0,268,752,330
"1635",22,"飽田東小学校",67,0,0,268,752,335
"1636",22,"飽田東小学校",68,0,0,268,752,340
"1637",22,"飽田東小学校",69,0,0,268,752,345
"1638",22,"飽田東小学校",70,0,0,268,752,350
"1639",22,"飽田東小学校",71,0,0,268,752,355
"1640",22,"飽田東小学校",72,0,0,268,752,360
"1641",22,"飽田東小学校",73,3,10,271,762,365
"1642",22,"飽田東小学校",74,13,32,284,794,370
"1643",22,"飽田東小学校",75,31,71,315,865,375
"1644",22,"飽田東小学校",76,23,60,338,925,380
"1645",22,"飽田東小学校",77,29,84,367,1009,385
"1646",22,"飽田東小学校",78,37,103,404,1112,390
"1647",22,"飽田東小学校",79,33,85,437,1197,395
"1648",22,"飽田東小学校",80,32,86,469,1283,400
"1649",22,"飽田東小学校",81,40,112,509,1395,405
"1650",22,"飽田東小学校",82,28,68,537,1463,410
"1651",22,"飽田東小学校",83,26,75,563,1538,415
"1652",22,"飽田東小学校",84,27,61,590,1599,420
"1653",22,"飽田東小学校",85,32,94,622,1693,425
"1654",22,"飽田東小学校",86,16,49,638,1742,430
"1655",22,"飽田東小学校",87,8,24,646,1766,435
"1656",22,"飽田東小学校",88,3,11,649,1777,440
"1657",22,"飽田東小学校",89,0,0,649,1777,445
"1658",22,"飽田東小学校",90,0,0,649,1777,450
"1659",22,"飽田東小学校",91,0,0,649,1777,455
"1660",22,"飽田東小学校",92,0,0,649,1777,460
"1661",22,"飽田東小学校",93,0,0,649,1777,465
"1662",22,"飽田東小学校",94,0,0,649,1777,470
"1663",22,"飽田東小学校",95,0,0,649,1777,475
"1664",22,"飽田東小学校",96,0,0,649,1777,480
"1665",22,"飽田東小学校",97,0,0,649,1777,485
"1666",22,"飽田東小学校",98,0,0,649,1777,490
"1667",23,"飽田中学校",1,0,0,0,0,5
"1668",23,"飽田中学校",2,0,0,0,0,10
"1669",23,"飽田中学校",3,5,11,5,11,15
"1670",23,"飽田中学校",4,3,6,8,17,20
"1671",23,"飽田中学校",5,9,26,17,43,25
"1672",23,"飽田中学校",6,4,7,21,50,30
"1673",23,"飽田中学校",7,6,17,27,67,35
"1674",23,"飽田中学校",8,7,21,34,88,40
"1675",23,"飽田中学校",9,8,15,42,103,45
"1676",23,"飽田中学校",10,7,20,49,123,50
"1677",23,"飽田中学校",11,6,19,55,142,55
"1678",23,"飽田中学校",12,6,15,61,157,60
"1679",23,"飽田中学校",13,9,21,70,178,65
"1680",23,"飽田中学校",14,4,9,74,187,70
"1681",23,"飽田中学校",15,6,12,80,199,75
"1682",23,"飽田中学校",16,8,24,88,223,80
"1683",23,"飽田中学校",17,2,3,90,226,85
"1684",23,"飽田中学校",18,7,20,97,246,90
"1685",23,"飽田中学校",19,10,22,107,268,95
"1686",23,"飽田中学校",20,8,20,115,288,100
"1687",23,"飽田中学校",21,3,7,118,295,105
"1688",23,"飽田中学校",22,7,18,125,313,110
"1689",23,"飽田中学校",23,3,8,128,321,115
"1690",23,"飽田中学校",24,5,19,133,340,120
"1691",23,"飽田中学校",25,7,19,140,359,125
"1692",23,"飽田中学校",26,6,15,146,374,130
"1693",23,"飽田中学校",27,2,6,148,380,135
"1694",23,"飽田中学校",28,1,1,149,381,140
"1695",23,"飽田中学校",29,0,0,149,381,145
"1696",23,"飽田中学校",30,0,0,149,381,150
"1697",23,"飽田中学校",31,0,0,149,381,155
"1698",23,"飽田中学校",32,0,0,149,381,160
"1699",23,"飽田中学校",33,0,0,149,381,165
"1700",23,"飽田中学校",34,0,0,149,381,170
"1701",23,"飽田中学校",35,0,0,149,381,175
"1702",23,"飽田中学校",36,0,0,149,381,180
"1703",23,"飽田中学校",37,0,0,149,381,185
"1704",23,"飽田中学校",38,0,0,149,381,190
"1705",23,"飽田中学校",39,0,0,149,381,195
"1706",23,"飽田中学校",40,0,0,149,381,200
"1707",23,"飽田中学校",41,0,0,149,381,205
"1708",23,"飽田中学校",42,0,0,149,381,210
"1709",23,"飽田中学校",43,0,0,149,381,215
"1710",23,"飽田中学校",44,0,0,149,381,220
"1711",23,"飽田中学校",45,0,0,149,381,225
"1712",23,"飽田中学校",46,0,0,149,381,230
"1713",23,"飽田中学校",47,0,0,149,381,235
"1714",23,"飽田中学校",48,0,0,149,381,240
"1715",23,"飽田中学校",49,0,0,149,381,245
"1716",23,"飽田中学校",50,0,0,149,381,250
"1717",23,"飽田中学校",51,0,0,149,381,255
"1718",23,"飽田中学校",52,0,0,149,381,260
"1719",23,"飽田中学校",53,0,0,149,381,265
"1720",23,"飽田中学校",54,0,0,149,381,270
"1721",23,"飽田中学校",55,0,0,149,381,275
"1722",23,"飽田中学校",56,0,0,149,381,280
"1723",23,"飽田中学校",57,0,0,149,381,285
"1724",23,"飽田中学校",58,0,0,149,381,290
"1725",23,"飽田中学校",59,0,0,149,381,295
"1726",23,"飽田中学校",60,0,0,149,381,300
"1727",23,"飽田中学校",61,0,0,149,381,305
"1728",23,"飽田中学校",62,0,0,149,381,310
"1729",23,"飽田中学校",63,0,0,149,381,315
"1730",23,"飽田中学校",64,0,0,149,381,320
"1731",23,"飽田中学校",65,0,0,149,381,325
"1732",23,"飽田中学校",66,0,0,149,381,330
"1733",23,"飽田中学校",67,0,0,149,381,335
"1734",23,"飽田中学校",68,0,0,149,381,340
"1735",23,"飽田中学校",69,0,0,149,381,345
"1736",23,"飽田中学校",70,0,0,149,381,350
"1737",23,"飽田中学校",71,0,0,149,381,355
"1738",23,"飽田中学校",72,0,0,149,381,360
"1739",23,"飽田中学校",73,1,2,150,383,365
"1740",23,"飽田中学校",74,9,18,159,401,370
"1741",23,"飽田中学校",75,12,33,171,434,375
"1742",23,"飽田中学校",76,12,34,183,468,380
"1743",23,"飽田中学校",77,17,33,200,501,385
"1744",23,"飽田中学校",78,19,49,219,550,390
"1745",23,"飽田中学校",79,21,56,240,606,395
"1746",23,"飽田中学校",80,18,47,258,653,400
"1747",23,"飽田中学校",81,21,57,279,710,405
"1748",23,"飽田中学校",82,15,49,294,759,410
"1749",23,"飽田中学校",83,15,40,309,799,415
"1750",23,"飽田中学校",84,18,51,327,850,420
"1751",23,"飽田中学校",85,12,30,339,880,425
"1752",23,"飽田中学校",86,9,25,348,905,430
"1753",23,"飽田中学校",87,3,13,351,918,435
"1754",23,"飽田中学校",88,0,0,351,918,440
"1755",23,"飽田中学校",89,0,0,351,918,445
"1756",23,"飽田中学校",90,0,0,351,918,450
"1757",23,"飽田中学校",91,0,0,351,918,455
"1758",23,"飽田中学校",92,0,0,351,918,460
"1759",23,"飽田中学校",93,0,0,351,918,465
"1760",23,"飽田中学校",94,0,0,351,918,470
"1761",23,"飽田中学校",95,0,0,351,918,475
"1762",23,"飽田中学校",96,0,0,351,918,480
"1763",23,"飽田中学校",97,0,0,351,918,485
"1764",23,"飽田中学校",98,0,0,351,918,490
"1765",26,"飽田西小学校",1,0,0,0,0,5
"1766",26,"飽田西小学校",2,0,0,0,0,10
"1767",26,"飽田西小学校",3,1,4,1,4,15
"1768",26,"飽田西小学校",4,5,12,6,16,20
"1769",26,"飽田西小学校",5,5,10,11,26,25
"1770",26,"飽田西小学校",6,10,32,21,58,30
"1771",26,"飽田西小学校",7,11,32,32,90,35
"1772",26,"飽田西小学校",8,12,36,44,126,40
"1773",26,"飽田西小学校",9,9,22,53,148,45
"1774",26,"飽田西小学校",10,8,34,61,182,50
"1775",26,"飽田西小学校",11,8,21,69,203,55
"1776",26,"飽田西小学校",12,7,21,76,224,60
"1777",26,"飽田西小学校",13,12,31,88,255,65
"1778",26,"飽田西小学校",14,11,42,99,297,70
"1779",26,"飽田西小学校",15,11,46,110,343,75
"1780",26,"飽田西小学校",16,8,22,118,365,80
"1781",26,"飽田西小学校",17,13,41,131,406,85
"1782",26,"飽田西小学校",18,5,12,136,418,90
"1783",26,"飽田西小学校",19,10,28,146,446,95
"1784",26,"飽田西小学校",20,12,36,158,482,100
"1785",26,"飽田西小学校",21,9,29,167,511,105
"1786",26,"飽田西小学校",22,10,25,177,536,110
"1787",26,"飽田西小学校",23,6,22,183,558,115
"1788",26,"飽田西小学校",24,11,42,194,600,120
"1789",26,"飽田西小学校",25,10,30,204,630,125
"1790",26,"飽田西小学校",26,13,48,217,678,130
"1791",26,"飽田西小学校",27,6,21,223,699,135
"1792",26,"飽田西小学校",28,5,16,228,715,140
"1793",26,"飽田西小学校",29,10,23,238,738,145
"1794",26,"飽田西小学校",30,5,20,243,758,150
"1795",26,"飽田西小学校",31,1,6,244,764,155
"1796",26,"飽田西小学校",32,1,2,245,766,160
"1797",26,"飽田西小学校",33,4,14,249,780,165
"1798",26,"飽田西小学校",34,3,14,252,794,170
"1799",26,"飽田西小学校",35,0,0,252,794,175
"1800",26,"飽田西小学校",36,0,0,252,794,180
"1801",26,"飽田西小学校",37,0,0,252,794,185
"1802",26,"飽田西小学校",38,0,0,252,794,190
"1803",26,"飽田西小学校",39,0,0,252,794,195
"1804",26,"飽田西小学校",40,0,0,252,794,200
"1805",26,"飽田西小学校",41,0,0,252,794,205
"1806",26,"飽田西小学校",42,0,0,252,794,210
"1807",26,"飽田西小学校",43,0,0,252,794,215
"1808",26,"飽田西小学校",44,0,0,252,794,220
"1809",26,"飽田西小学校",45,0,0,252,794,225
"1810",26,"飽田西小学校",46,0,0,252,794,230
"1811",26,"飽田西小学校",47,0,0,252,794,235
"1812",26,"飽田西小学校",48,0,0,252,794,240
"1813",26,"飽田西小学校",49,0,0,252,794,245
"1814",26,"飽田西小学校",50,0,0,252,794,250
"1815",26,"飽田西小学校",51,0,0,252,794,255
"1816",26,"飽田西小学校",52,0,0,252,794,260
"1817",26,"飽田西小学校",53,0,0,252,794,265
"1818",26,"飽田西小学校",54,0,0,252,794,270
"1819",26,"飽田西小学校",55,0,0,252,794,275
"1820",26,"飽田西小学校",56,0,0,252,794,280
"1821",26,"飽田西小学校",57,0,0,252,794,285
"1822",26,"飽田西小学校",58,0,0,252,794,290
"1823",26,"飽田西小学校",59,0,0,252,794,295
"1824",26,"飽田西小学校",60,0,0,252,794,300
"1825",26,"飽田西小学校",61,0,0,252,794,305
"1826",26,"飽田西小学校",62,0,0,252,794,310
"1827",26,"飽田西小学校",63,0,0,252,794,315
"1828",26,"飽田西小学校",64,0,0,252,794,320
"1829",26,"飽田西小学校",65,0,0,252,794,325
"1830",26,"飽田西小学校",66,0,0,252,794,330
"1831",26,"飽田西小学校",67,0,0,252,794,335
"1832",26,"飽田西小学校",68,0,0,252,794,340
"1833",26,"飽田西小学校",69,0,0,252,794,345
"1834",26,"飽田西小学校",70,0,0,252,794,350
"1835",26,"飽田西小学校",71,0,0,252,794,355
"1836",26,"飽田西小学校",72,0,0,252,794,360
"1837",26,"飽田西小学校",73,0,0,252,794,365
"1838",26,"飽田西小学校",74,1,1,253,795,370
"1839",26,"飽田西小学校",75,2,9,255,804,375
"1840",26,"飽田西小学校",76,7,19,262,823,380
"1841",26,"飽田西小学校",77,5,14,267,837,385
"1842",26,"飽田西小学校",78,10,26,277,863,390
"1843",26,"飽田西小学校",79,4,15,281,878,395
"1844",26,"飽田西小学校",80,11,30,292,908,400
"1845",26,"飽田西小学校",81,8,22,300,930,405
"1846",26,"飽田西小学校",82,11,29,311,959,410
"1847",26,"飽田西小学校",83,10,26,321,985,415
"1848",26,"飽田西小学校",84,3,9,324,994,420
"1849",26,"飽田西小学校",85,6,13,330,1007,425
"1850",26,"飽田西小学校",86,9,21,339,1028,430
"1851",26,"飽田西小学校",87,12,34,351,1062,435
"1852",26,"飽田西小学校",88,4,9,355,1071,440
"1853",26,"飽田西小学校",89,3,6,358,1077,445
"1854",26,"飽田西小学校",90,1,4,359,1081,450
"1855",26,"飽田西小学校",91,0,0,359,1081,455
"1856",26,"飽田西小学校",92,0,0,359,1081,460
"1857",26,"飽田西小学校",93,0,0,359,1081,465
"1858",26,"飽田西小学校",94,0,0,359,1081,470
"1859",26,"飽田西小学校",95,0,0,359,1081,475
"1860",26,"飽田西小学校",96,0,0,359,1081,480
"1861",26,"飽田西小学校",97,0,0,359,1081,485
"1862",26,"飽田西小学校",98,1,6,360,1087,490
"1863",27,"飽田まちづくりセンター・公民館",1,0,0,0,0,5
"1864",27,"飽田まちづくりセンター・公民館",2,2,3,2,3,10
"1865",27,"飽田まちづくりセンター・公民館",3,1,5,3,8,15
"1866",27,"飽田まちづくりセンター・公民館",4,3,10,6,18,20
"1867",27,"飽田まちづくりセンター・公民館",5,1,1,7,19,25
"1868",27,"飽田まちづくりセンター・公民館",6,4,15,11,34,30
"1869",27,"飽田まちづくりセンター・公民館",7,3,7,14,41,35
"1870",27,"飽田まちづくりセンター・公民館",8,2,5,16,46,40
"1871",27,"飽田まちづくりセンター・公民館",9,1,2,17,48,45
"1872",27,"飽田まちづくりセンター・公民館",10,2,4,19,52,50
"1873",27,"飽田まちづくりセンター・公民館",11,2,3,21,55,55
"1874",27,"飽田まちづくりセンター・公民館",12,1,3,22,58,60
"1875",27,"飽田まちづくりセンター・公民館",13,8,20,30,78,65
"1876",27,"飽田まちづくりセンター・公民館",14,6,23,36,101,70
"1877",27,"飽田まちづくりセンター・公民館",15,4,6,40,107,75
"1878",27,"飽田まちづくりセンター・公民館",16,5,16,45,123,80
"1879",27,"飽田まちづくりセンター・公民館",17,1,4,46,127,85
"1880",27,"飽田まちづくりセンター・公民館",18,4,12,50,139,90
"1881",27,"飽田まちづくりセンター・公民館",19,4,8,54,147,95
"1882",27,"飽田まちづくりセンター・公民館",20,3,7,57,154,100
"1883",27,"飽田まちづくりセンター・公民館",21,2,6,59,160,105
"1884",27,"飽田まちづくりセンター・公民館",22,6,15,65,175,110
"1885",27,"飽田まちづくりセンター・公民館",23,4,11,69,186,115
"1886",27,"飽田まちづくりセンター・公民館",24,3,12,72,198,120
"1887",27,"飽田まちづくりセンター・公民館",25,4,12,76,210,125
"1888",27,"飽田まちづくりセンター・公民館",26,3,9,79,219,130
"1889",27,"飽田まちづくりセンター・公民館",27,5,12,84,231,135
"1890",27,"飽田まちづくりセンター・公民館",28,2,5,86,236,140
"1891",27,"飽田まちづくりセンター・公民館",29,1,1,87,237,145
"1892",27,"飽田まちづくりセンター・公民館",30,0,0,87,237,150
"1893",27,"飽田まちづくりセンター・公民館",31,0,0,87,237,155
"1894",27,"飽田まちづくりセンター・公民館",32,0,0,87,237,160
"1895",27,"飽田まちづくりセンター・公民館",33,0,0,87,237,165
"1896",27,"飽田まちづくりセンター・公民館",34,0,0,87,237,170
"1897",27,"飽田まちづくりセンター・公民館",35,0,0,87,237,175
"1898",27,"飽田まちづくりセンター・公民館",36,0,0,87,237,180
"1899",27,"飽田まちづくりセンター・公民館",37,0,0,87,237,185
"1900",27,"飽田まちづくりセンター・公民館",38,0,0,87,237,190
"1901",27,"飽田まちづくりセンター・公民館",39,0,0,87,237,195
"1902",27,"飽田まちづくりセンター・公民館",40,0,0,87,237,200
"1903",27,"飽田まちづくりセンター・公民館",41,0,0,87,237,205
"1904",27,"飽田まちづくりセンター・公民館",42,0,0,87,237,210
"1905",27,"飽田まちづくりセンター・公民館",43,0,0,87,237,215
"1906",27,"飽田まちづくりセンター・公民館",44,0,0,87,237,220
"1907",27,"飽田まちづくりセンター・公民館",45,0,0,87,237,225
"1908",27,"飽田まちづくりセンター・公民館",46,0,0,87,237,230
"1909",27,"飽田まちづくりセンター・公民館",47,0,0,87,237,235
"1910",27,"飽田まちづくりセンター・公民館",48,0,0,87,237,240
"1911",27,"飽田まちづくりセンター・公民館",49,0,0,87,237,245
"1912",27,"飽田まちづくりセンター・公民館",50,0,0,87,237,250
"1913",27,"飽田まちづくりセンター・公民館",51,0,0,87,237,255
"1914",27,"飽田まちづくりセンター・公民館",52,0,0,87,237,260
"1915",27,"飽田まちづくりセンター・公民館",53,0,0,87,237,265
"1916",27,"飽田まちづくりセンター・公民館",54,0,0,87,237,270
"1917",27,"飽田まちづくりセンター・公民館",55,0,0,87,237,275
"1918",27,"飽田まちづくりセンター・公民館",56,0,0,87,237,280
"1919",27,"飽田まちづくりセンター・公民館",57,0,0,87,237,285
"1920",27,"飽田まちづくりセンター・公民館",58,0,0,87,237,290
"1921",27,"飽田まちづくりセンター・公民館",59,0,0,87,237,295
"1922",27,"飽田まちづくりセンター・公民館",60,0,0,87,237,300
"1923",27,"飽田まちづくりセンター・公民館",61,0,0,87,237,305
"1924",27,"飽田まちづくりセンター・公民館",62,0,0,87,237,310
"1925",27,"飽田まちづくりセンター・公民館",63,0,0,87,237,315
"1926",27,"飽田まちづくりセンター・公民館",64,0,0,87,237,320
"1927",27,"飽田まちづくりセンター・公民館",65,0,0,87,237,325
"1928",27,"飽田まちづくりセンター・公民館",66,0,0,87,237,330
"1929",27,"飽田まちづくりセンター・公民館",67,0,0,87,237,335
"1930",27,"飽田まちづくりセンター・公民館",68,0,0,87,237,340
"1931",27,"飽田まちづくりセンター・公民館",69,0,0,87,237,345
"1932",27,"飽田まちづくりセンター・公民館",70,0,0,87,237,350
"1933",27,"飽田まちづくりセンター・公民館",71,0,0,87,237,355
"1934",27,"飽田まちづくりセンター・公民館",72,0,0,87,237,360
"1935",27,"飽田まちづくりセンター・公民館",73,0,0,87,237,365
"1936",27,"飽田まちづくりセンター・公民館",74,3,11,90,248,370
"1937",27,"飽田まちづくりセンター・公民館",75,9,19,99,267,375
"1938",27,"飽田まちづくりセンター・公民館",76,4,10,103,277,380
"1939",27,"飽田まちづくりセンター・公民館",77,6,17,109,294,385
"1940",27,"飽田まちづくりセンター・公民館",78,11,37,120,331,390
"1941",27,"飽田まちづくりセンター・公民館",79,9,25,129,356,395
"1942",27,"飽田まちづくりセンター・公民館",80,6,19,135,375,400
"1943",27,"飽田まちづくりセンター・公民館",81,8,19,143,394,405
"1944",27,"飽田まちづくりセンター・公民館",82,9,23,152,417,410
"1945",27,"飽田まちづくりセンター・公民館",83,13,43,165,460,415
"1946",27,"飽田まちづくりセンター・公民館",84,7,19,172,479,420
"1947",27,"飽田まちづくりセンター・公民館",85,11,30,183,509,425
"1948",27,"飽田まちづくりセンター・公民館",86,7,18,190,527,430
"1949",27,"飽田まちづくりセンター・公民館",87,1,4,191,531,435
"1950",27,"飽田まちづくりセンター・公民館",88,0,0,191,531,440
"1951",27,"飽田まちづくりセンター・公民館",89,0,0,191,531,445
"1952",27,"飽田まちづくりセンター・公民館",90,0,0,191,531,450
"1953",27,"飽田まちづくりセンター・公民館",91,0,0,191,531,455
"1954",27,"飽田まちづくりセンター・公民館",92,0,0,191,531,460
"1955",27,"飽田まちづくりセンター・公民館",93,0,0,191,531,465
"1956",27,"飽田まちづくりセンター・公民館",94,0,0,191,531,470
"1957",27,"飽田まちづくりセンター・公民館",95,0,0,191,531,475
"1958",27,"飽田まちづくりセンター・公民館",96,0,0,191,531,480
"1959",27,"飽田まちづくりセンター・公民館",97,0,0,191,531,485
"1960",27,"飽田まちづくりセンター・公民館",98,0,0,191,531,490
"1961",28,"飽田南小学校",1,0,0,0,0,5
"1962",28,"飽田南小学校",2,1,2,1,2,10
"1963",28,"飽田南小学校",3,1,6,2,8,15
"1964",28,"飽田南小学校",4,6,18,8,26,20
"1965",28,"飽田南小学校",5,9,36,17,62,25
"1966",28,"飽田南小学校",6,6,21,23,83,30
"1967",28,"飽田南小学校",7,10,29,33,112,35
"1968",28,"飽田南小学校",8,11,35,44,147,40
"1969",28,"飽田南小学校",9,7,24,51,171,45
"1970",28,"飽田南小学校",10,13,46,64,217,50
"1971",28,"飽田南小学校",11,7,23,71,240,55
"1972",28,"飽田南小学校",12,4,20,75,260,60
"1973",28,"飽田南小学校",13,13,33,88,293,65
"1974",28,"飽田南小学校",14,9,18,97,311,70
"1975",28,"飽田南小学校",15,4,11,101,322,75
"1976",28,"飽田南小学校",16,6,17,107,339,80
"1977",28,"飽田南小学校",17,9,27,116,366,85
"1978",28,"飽田南小学校",18,7,18,123,384,90
"1979",28,"飽田南小学校",19,7,20,130,404,95
"1980",28,"飽田南小学校",20,3,11,133,415,100
"1981",28,"飽田南小学校",21,6,19,139,434,105
"1982",28,"飽田南小学校",22,6,21,145,455,110
"1983",28,"飽田南小学校",23,8,16,153,471,115
"1984",28,"飽田南小学校",24,10,33,163,504,120
"1985",28,"飽田南小学校",25,12,50,175,554,125
"1986",28,"飽田南小学校",26,2,6,177,560,130
"1987",28,"飽田南小学校",27,6,21,183,581,135
"1988",28,"飽田南小学校",28,2,5,185,586,140
"1989",28,"飽田南小学校",29,0,0,185,586,145
"1990",28,"飽田南小学校",30,0,0,185,586,150
"1991",28,"飽田南小学校",31,0,0,185,586,155
"1992",28,"飽田南小学校",32,0,0,185,586,160
"1993",28,"飽田南小学校",33,0,0,185,586,165
"1994",28,"飽田南小学校",34,0,0,185,586,170
"1995",28,"飽田南小学校",35,0,0,185,586,175
"1996",28,"飽田南小学校",36,0,0,185,586,180
"1997",28,"飽田南小学校",37,0,0,185,586,185
"1998",28,"飽田南小学校",38,0,0,185,586,190
"1999",28,"飽田南小学校",39,0,0,185,586,195
"2000",28,"飽田南小学校",40,0,0,185,586,200
"2001",28,"飽田南小学校",41,0,0,185,586,205
"2002",28,"飽田南小学校",42,0,0,185,586,210
"2003",28,"飽田南小学校",43,0,0,185,586,215
"2004",28,"飽田南小学校",44,0,0,185,586,220
"2005",28,"飽田南小学校",45,0,0,185,586,225
"2006",28,"飽田南小学校",46,0,0,185,586,230
"2007",28,"飽田南小学校",47,0,0,185,586,235
"2008",28,"飽田南小学校",48,0,0,185,586,240
"2009",28,"飽田南小学校",49,0,0,185,586,245
"2010",28,"飽田南小学校",50,0,0,185,586,250
"2011",28,"飽田南小学校",51,0,0,185,586,255
"2012",28,"飽田南小学校",52,0,0,185,586,260
"2013",28,"飽田南小学校",53,0,0,185,586,265
"2014",28,"飽田南小学校",54,0,0,185,586,270
"2015",28,"飽田南小学校",55,0,0,185,586,275
"2016",28,"飽田南小学校",56,0,0,185,586,280
"2017",28,"飽田南小学校",57,0,0,185,586,285
"2018",28,"飽田南小学校",58,0,0,185,586,290
"2019",28,"飽田南小学校",59,0,0,185,586,295
"2020",28,"飽田南小学校",60,0,0,185,586,300
"2021",28,"飽田南小学校",61,0,0,185,586,305
"2022",28,"飽田南小学校",62,0,0,185,586,310
"2023",28,"飽田南小学校",63,0,0,185,586,315
"2024",28,"飽田南小学校",64,0,0,185,586,320
"2025",28,"飽田南小学校",65,0,0,185,586,325
"2026",28,"飽田南小学校",66,0,0,185,586,330
"2027",28,"飽田南小学校",67,0,0,185,586,335
"2028",28,"飽田南小学校",68,0,0,185,586,340
"2029",28,"飽田南小学校",69,0,0,185,586,345
"2030",28,"飽田南小学校",70,0,0,185,586,350
"2031",28,"飽田南小学校",71,0,0,185,586,355
"2032",28,"飽田南小学校",72,0,0,185,586,360
"2033",28,"飽田南小学校",73,0,0,185,586,365
"2034",28,"飽田南小学校",74,1,4,186,590,370
"2035",28,"飽田南小学校",75,7,17,193,607,375
"2036",28,"飽田南小学校",76,15,36,208,643,380
"2037",28,"飽田南小学校",77,12,34,220,677,385
"2038",28,"飽田南小学校",78,12,37,232,714,390
"2039",28,"飽田南小学校",79,15,46,247,760,395
"2040",28,"飽田南小学校",80,17,56,264,816,400
"2041",28,"飽田南小学校",81,13,36,277,852,405
"2042",28,"飽田南小学校",82,20,58,297,910,410
"2043",28,"飽田南小学校",83,13,29,310,939,415
"2044",28,"飽田南小学校",84,13,40,323,979,420
"2045",28,"飽田南小学校",85,16,54,339,1033,425
"2046",28,"飽田南小学校",86,12,38,351,1071,430
"2047",28,"飽田南小学校",87,5,13,356,1084,435
"2048",28,"飽田南小学校",88,1,4,357,1088,440
"2049",28,"飽田南小学校",89,1,3,358,1091,445
"2050",28,"飽田南小学校",90,0,0,358,1091,450
"2051",28,"飽田南小学校",91,0,0,358,1091,455
"2052",28,"飽田南小学校",92,0,0,358,1091,460
"2053",28,"飽田南小学校",93,0,0,358,1091,465
"2054",28,"飽田南小学校",94,0,0,358,1091,470
"2055",28,"飽田南小学校",95,0,0,358,1091,475
"2056",28,"飽田南小学校",96,0,0,358,1091,480
"2057",28,"飽田南小学校",97,0,0,358,1091,485
"2058",28,"飽田南小学校",98,0,0,358,1091,490
"2059",29,"天明体育館",1,0,0,0,0,5
"2060",29,"天明体育館",2,0,0,0,0,10
"2061",29,"天明体育館",3,0,0,0,0,15
"2062",29,"天明体育館",4,0,0,0,0,20
"2063",29,"天明体育館",5,2,4,2,4,25
"2064",29,"天明体育館",6,0,0,2,4,30
"2065",29,"天明体育館",7,0,0,2,4,35
"2066",29,"天明体育館",8,0,0,2,4,40
"2067",29,"天明体育館",9,2,6,4,10,45
"2068",29,"天明体育館",10,3,7,7,17,50
"2069",29,"天明体育館",11,0,0,7,17,55
"2070",29,"天明体育館",12,1,3,8,20,60
"2071",29,"天明体育館",13,1,5,9,25,65
"2072",29,"天明体育館",14,3,10,12,35,70
"2073",29,"天明体育館",15,1,2,13,37,75
"2074",29,"天明体育館",16,1,3,14,40,80
"2075",29,"天明体育館",17,0,0,14,40,85
"2076",29,"天明体育館",18,1,2,15,42,90
"2077",29,"天明体育館",19,2,3,17,45,95
"2078",29,"天明体育館",20,2,8,19,53,100
"2079",29,"天明体育館",21,2,2,21,55,105
"2080",29,"天明体育館",22,1,3,22,58,110
"2081",29,"天明体育館",23,0,0,22,58,115
"2082",29,"天明体育館",24,0,0,22,58,120
"2083",29,"天明体育館",25,0,0,22,58,125
"2084",29,"天明体育館",26,0,0,22,58,130
"2085",29,"天明体育館",27,0,0,22,58,135
"2086",29,"天明体育館",28,0,0,22,58,140
"2087",29,"天明体育館",29,0,0,22,58,145
"2088",29,"天明体育館",30,0,0,22,58,150
"2089",29,"天明体育館",31,0,0,22,58,155
"2090",29,"天明体育館",32,0,0,22,58,160
"2091",29,"天明体育館",33,0,0,22,58,165
"2092",29,"天明体育館",34,0,0,22,58,170
"2093",29,"天明体育館",35,0,0,22,58,175
"2094",29,"天明体育館",36,0,0,22,58,180
"2095",29,"天明体育館",37,0,0,22,58,185
"2096",29,"天明体育館",38,0,0,22,58,190
"2097",29,"天明体育館",39,0,0,22,58,195
"2098",29,"天明体育館",40,0,0,22,58,200
"2099",29,"天明体育館",41,0,0,22,58,205
"2100",29,"天明体育館",42,0,0,22,58,210
"2101",29,"天明体育館",43,0,0,22,58,215
"2102",29,"天明体育館",44,0,0,22,58,220
"2103",29,"天明体育館",45,0,0,22,58,225
"2104",29,"天明体育館",46,0,0,22,58,230
"2105",29,"天明体育館",47,0,0,22,58,235
"2106",29,"天明体育館",48,0,0,22,58,240
"2107",29,"天明体育館",49,0,0,22,58,245
"2108",29,"天明体育館",50,0,0,22,58,250
"2109",29,"天明体育館",51,0,0,22,58,255
"2110",29,"天明体育館",52,0,0,22,58,260
"2111",29,"天明体育館",53,0,0,22,58,265
"2112",29,"天明体育館",54,0,0,22,58,270
"2113",29,"天明体育館",55,0,0,22,58,275
"2114",29,"天明体育館",56,0,0,22,58,280
"2115",29,"天明体育館",57,0,0,22,58,285
"2116",29,"天明体育館",58,0,0,22,58,290
"2117",29,"天明体育館",59,0,0,22,58,295
"2118",29,"天明体育館",60,0,0,22,58,300
"2119",29,"天明体育館",61,0,0,22,58,305
"2120",29,"天明体育館",62,0,0,22,58,310
"2121",29,"天明体育館",63,0,0,22,58,315
"2122",29,"天明体育館",64,0,0,22,58,320
"2123",29,"天明体育館",65,0,0,22,58,325
"2124",29,"天明体育館",66,0,0,22,58,330
"2125",29,"天明体育館",67,0,0,22,58,335
"2126",29,"天明体育館",68,0,0,22,58,340
"2127",29,"天明体育館",69,0,0,22,58,345
"2128",29,"天明体育館",70,0,0,22,58,350
"2129",29,"天明体育館",71,0,0,22,58,355
"2130",29,"天明体育館",72,0,0,22,58,360
"2131",29,"天明体育館",73,0,0,22,58,365
"2132",29,"天明体育館",74,0,0,22,58,370
"2133",29,"天明体育館",75,2,3,24,61,375
"2134",29,"天明体育館",76,1,2,25,63,380
"2135",29,"天明体育館",77,0,0,25,63,385
"2136",29,"天明体育館",78,1,3,26,66,390
"2137",29,"天明体育館",79,0,0,26,66,395
"2138",29,"天明体育館",80,0,0,26,66,400
"2139",29,"天明体育館",81,0,0,26,66,405
"2140",29,"天明体育館",82,1,2,27,68,410
"2141",29,"天明体育館",83,0,0,27,68,415
"2142",29,"天明体育館",84,1,2,28,70,420
"2143",29,"天明体育館",85,0,0,28,70,425
"2144",29,"天明体育館",86,0,0,28,70,430
"2145",29,"天明体育館",87,0,0,28,70,435
"2146",29,"天明体育館",88,0,0,28,70,440
"2147",29,"天明体育館",89,0,0,28,70,445
"2148",29,"天明体育館",90,0,0,28,70,450
"2149",29,"天明体育館",91,0,0,28,70,455
"2150",29,"天明体育館",92,0,0,28,70,460
"2151",29,"天明体育館",93,0,0,28,70,465
"2152",29,"天明体育館",94,0,0,28,70,470
"2153",29,"天明体育館",95,0,0,28,70,475
"2154",29,"天明体育館",96,0,0,28,70,480
"2155",29,"天明体育館",97,0,0,28,70,485
"2156",29,"天明体育館",98,0,0,28,70,490
"2157",30,"奥古閑小学校",1,0,0,0,0,5
"2158",30,"奥古閑小学校",2,2,6,2,6,10
"2159",30,"奥古閑小学校",3,1,1,3,7,15
"2160",30,"奥古閑小学校",4,1,3,4,10,20
"2161",30,"奥古閑小学校",5,1,1,5,11,25
"2162",30,"奥古閑小学校",6,1,4,6,15,30
"2163",30,"奥古閑小学校",7,2,8,8,23,35
"2164",30,"奥古閑小学校",8,5,18,13,41,40
"2165",30,"奥古閑小学校",9,8,19,21,60,45
"2166",30,"奥古閑小学校",10,5,23,26,83,50
"2167",30,"奥古閑小学校",11,9,29,35,112,55
"2168",30,"奥古閑小学校",12,7,21,42,133,60
"2169",30,"奥古閑小学校",13,8,22,50,155,65
"2170",30,"奥古閑小学校",14,11,41,61,196,70
"2171",30,"奥古閑小学校",15,8,23,69,219,75
"2172",30,"奥古閑小学校",16,8,21,77,240,80
"2173",30,"奥古閑小学校",17,10,29,87,269,85
"2174",30,"奥古閑小学校",18,1,3,88,272,90
"2175",30,"奥古閑小学校",19,6,11,94,283,95
"2176",30,"奥古閑小学校",20,12,35,106,318,100
"2177",30,"奥古閑小学校",21,11,30,117,348,105
"2178",30,"奥古閑小学校",22,5,12,122,360,110
"2179",30,"奥古閑小学校",23,8,22,130,382,115
"2180",30,"奥古閑小学校",24,7,17,137,399,120
"2181",30,"奥古閑小学校",25,10,28,147,427,125
"2182",30,"奥古閑小学校",26,6,19,153,446,130
"2183",30,"奥古閑小学校",27,10,32,163,478,135
"2184",30,"奥古閑小学校",28,7,22,170,500,140
"2185",30,"奥古閑小学校",29,5,11,175,511,145
"2186",30,"奥古閑小学校",30,5,18,180,529,150
"2187",30,"奥古閑小学校",31,5,18,185,547,155
"2188",30,"奥古閑小学校",32,3,6,188,553,160
"2189",30,"奥古閑小学校",33,5,21,193,574,165
"2190",30,"奥古閑小学校",34,3,14,196,588,170
"2191",30,"奥古閑小学校",35,1,1,197,589,175
"2192",30,"奥古閑小学校",36,3,9,200,598,180
"2193",30,"奥古閑小学校",37,0,0,200,598,185
"2194",30,"奥古閑小学校",38,0,0,200,598,190
"2195",30,"奥古閑小学校",39,0,0,200,598,195
"2196",30,"奥古閑小学校",40,0,0,200,598,200
"2197",30,"奥古閑小学校",41,0,0,200,598,205
"2198",30,"奥古閑小学校",42,0,0,200,598,210
"2199",30,"奥古閑小学校",43,0,0,200,598,215
"2200",30,"奥古閑小学校",44,0,0,200,598,220
"2201",30,"奥古閑小学校",45,0,0,200,598,225
"2202",30,"奥古閑小学校",46,0,0,200,598,230
"2203",30,"奥古閑小学校",47,0,0,200,598,235
"2204",30,"奥古閑小学校",48,0,0,200,598,240
"2205",30,"奥古閑小学校",49,0,0,200,598,245
"2206",30,"奥古閑小学校",50,0,0,200,598,250
"2207",30,"奥古閑小学校",51,0,0,200,598,255
"2208",30,"奥古閑小学校",52,0,0,200,598,260
"2209",30,"奥古閑小学校",53,0,0,200,598,265
"2210",30,"奥古閑小学校",54,0,0,200,598,270
"2211",30,"奥古閑小学校",55,0,0,200,598,275
"2212",30,"奥古閑小学校",56,0,0,200,598,280
"2213",30,"奥古閑小学校",57,0,0,200,598,285
"2214",30,"奥古閑小学校",58,0,0,200,598,290
"2215",30,"奥古閑小学校",59,0,0,200,598,295
"2216",30,"奥古閑小学校",60,0,0,200,598,300
"2217",30,"奥古閑小学校",61,0,0,200,598,305
"2218",30,"奥古閑小学校",62,0,0,200,598,310
"2219",30,"奥古閑小学校",63,0,0,200,598,315
"2220",30,"奥古閑小学校",64,0,0,200,598,320
"2221",30,"奥古閑小学校",65,0,0,200,598,325
"2222",30,"奥古閑小学校",66,0,0,200,598,330
"2223",30,"奥古閑小学校",67,0,0,200,598,335
"2224",30,"奥古閑小学校",68,0,0,200,598,340
"2225",30,"奥古閑小学校",69,0,0,200,598,345
"2226",30,"奥古閑小学校",70,0,0,200,598,350
"2227",30,"奥古閑小学校",71,0,0,200,598,355
"2228",30,"奥古閑小学校",72,0,0,200,598,360
"2229",30,"奥古閑小学校",73,0,0,200,598,365
"2230",30,"奥古閑小学校",74,3,7,203,605,370
"2231",30,"奥古閑小学校",75,1,2,204,607,375
"2232",30,"奥古閑小学校",76,3,5,207,612,380
"2233",30,"奥古閑小学校",77,7,10,214,622,385
"2234",30,"奥古閑小学校",78,4,10,218,632,390
"2235",30,"奥古閑小学校",79,8,18,226,650,395
"2236",30,"奥古閑小学校",80,10,23,236,673,400
"2237",30,"奥古閑小学校",81,9,20,245,693,405
"2238",30,"奥古閑小学校",82,7,16,252,709,410
"2239",30,"奥古閑小学校",83,4,6,256,715,415
"2240",30,"奥古閑小学校",84,2,4,258,719,420
"2241",30,"奥古閑小学校",85,5,6,263,725,425
"2242",30,"奥古閑小学校",86,6,16,269,741,430
"2243",30,"奥古閑小学校",87,2,4,271,745,435
"2244",30,"奥古閑小学校",88,5,12,276,757,440
"2245",30,"奥古閑小学校",89,2,5,278,762,445
"2246",30,"奥古閑小学校",90,2,3,280,765,450
"2247",30,"奥古閑小学校",91,1,4,281,769,455
"2248",30,"奥古閑小学校",92,3,11,284,780,460
"2249",30,"奥古閑小学校",93,1,3,285,783,465
"2250",30,"奥古閑小学校",94,0,0,285,783,470
"2251",30,"奥古閑小学校",95,0,0,285,783,475
"2252",30,"奥古閑小学校",96,0,0,285,783,480
"2253",30,"奥古閑小学校",97,0,0,285,783,485
"2254",30,"奥古閑小学校",98,0,0,285,783,490
"2255",31,"天明中学校",1,0,0,0,0,5
"2256",31,"天明中学校",2,0,0,0,0,10
"2257",31,"天明中学校",3,0,0,0,0,15
"2258",31,"天明中学校",4,1,2,1,2,20
"2259",31,"天明中学校",5,0,0,1,2,25
"2260",31,"天明中学校",6,1,1,2,3,30
"2261",31,"天明中学校",7,4,11,6,14,35
"2262",31,"天明中学校",8,1,4,7,18,40
"2263",31,"天明中学校",9,2,5,9,23,45
"2264",31,"天明中学校",10,4,11,13,34,50
"2265",31,"天明中学校",11,3,6,16,40,55
"2266",31,"天明中学校",12,1,2,17,42,60
"2267",31,"天明中学校",13,1,2,18,44,65
"2268",31,"天明中学校",14,4,18,22,62,70
"2269",31,"天明中学校",15,1,4,23,66,75
"2270",31,"天明中学校",16,4,14,27,80,80
"2271",31,"天明中学校",17,2,5,29,85,85
"2272",31,"天明中学校",18,4,8,33,93,90
"2273",31,"天明中学校",19,2,6,35,99,95
"2274",31,"天明中学校",20,4,10,39,109,100
"2275",31,"天明中学校",21,5,12,44,121,105
"2276",31,"天明中学校",22,0,0,44,121,110
"2277",31,"天明中学校",23,0,0,44,121,115
"2278",31,"天明中学校",24,2,11,46,132,120
"2279",31,"天明中学校",25,3,11,49,143,125
"2280",31,"天明中学校",26,1,3,50,146,130
"2281",31,"天明中学校",27,0,0,50,146,135
"2282",31,"天明中学校",28,0,0,50,146,140
"2283",31,"天明中学校",29,0,0,50,146,145
"2284",31,"天明中学校",30,0,0,50,146,150
"2285",31,"天明中学校",31,0,0,50,146,155
"2286",31,"天明中学校",32,0,0,50,146,160
"2287",31,"天明中学校",33,0,0,50,146,165
"2288",31,"天明中学校",34,0,0,50,146,170
"2289",31,"天明中学校",35,0,0,50,146,175
"2290",31,"天明中学校",36,0,0,50,146,180
"2291",31,"天明中学校",37,0,0,50,146,185
"2292",31,"天明中学校",38,0,0,50,146,190
"2293",31,"天明中学校",39,0,0,50,146,195
"2294",31,"天明中学校",40,0,0,50,146,200
"2295",31,"天明中学校",41,0,0,50,146,205
"2296",31,"天明中学校",42,0,0,50,146,210
"2297",31,"天明中学校",43,0,0,50,146,215
"2298",31,"天明中学校",44,0,0,50,146,220
"2299",31,"天明中学校",45,0,0,50,146,225
"2300",31,"天明中学校",46,0,0,50,146,230
"2301",31,"天明中学校",47,0,0,50,146,235
"2302",31,"天明中学校",48,0,0,50,146,240
"2303",31,"天明中学校",49,0,0,50,146,245
"2304",31,"天明中学校",50,0,0,50,146,250
"2305",31,"天明中学校",51,0,0,50,146,255
"2306",31,"天明中学校",52,0,0,50,146,260
"2307",31,"天明中学校",53,0,0,50,146,265
"2308",31,"天明中学校",54,0,0,50,146,270
"2309",31,"天明中学校",55,0,0,50,146,275
"2310",31,"天明中学校",56,0,0,50,146,280
"2311",31,"天明中学校",57,0,0,50,146,285
"2312",31,"天明中学校",58,0,0,50,146,290
"2313",31,"天明中学校",59,0,0,50,146,295
"2314",31,"天明中学校",60,0,0,50,146,300
"2315",31,"天明中学校",61,0,0,50,146,305
"2316",31,"天明中学校",62,0,0,50,146,310
"2317",31,"天明中学校",63,0,0,50,146,315
"2318",31,"天明中学校",64,0,0,50,146,320
"2319",31,"天明中学校",65,0,0,50,146,325
"2320",31,"天明中学校",66,0,0,50,146,330
"2321",31,"天明中学校",67,0,0,50,146,335
"2322",31,"天明中学校",68,0,0,50,146,340
"2323",31,"天明中学校",69,0,0,50,146,345
"2324",31,"天明中学校",70,0,0,50,146,350
"2325",31,"天明中学校",71,0,0,50,146,355
"2326",31,"天明中学校",72,0,0,50,146,360
"2327",31,"天明中学校",73,0,0,50,146,365
"2328",31,"天明中学校",74,1,3,51,149,370
"2329",31,"天明中学校",75,1,1,52,150,375
"2330",31,"天明中学校",76,1,3,53,153,380
"2331",31,"天明中学校",77,2,4,55,157,385
"2332",31,"天明中学校",78,1,1,56,158,390
"2333",31,"天明中学校",79,0,0,56,158,395
"2334",31,"天明中学校",80,2,5,58,163,400
"2335",31,"天明中学校",81,2,6,60,169,405
"2336",31,"天明中学校",82,2,5,62,174,410
"2337",31,"天明中学校",83,1,3,63,177,415
"2338",31,"天明中学校",84,4,8,67,185,420
"2339",31,"天明中学校",85,1,4,68,189,425
"2340",31,"天明中学校",86,3,9,71,198,430
"2341",31,"天明中学校",87,0,0,71,198,435
"2342",31,"天明中学校",88,0,0,71,198,440
"2343",31,"天明中学校",89,0,0,71,198,445
"2344",31,"天明中学校",90,0,0,71,198,450
"2345",31,"天明中学校",91,0,0,71,198,455
"2346",31,"天明中学校",92,0,0,71,198,460
"2347",31,"天明中学校",93,0,0,71,198,465
"2348",31,"天明中学校",94,0,0,71,198,470
"2349",31,"天明中学校",95,0,0,71,198,475
"2350",31,"天明中学校",96,0,0,71,198,480
"2351",31,"天明中学校",97,0,0,71,198,485
"2352",31,"天明中学校",98,0,0,71,198,490
"2353",32,"天明まちづくりセンター・公民館",1,0,0,0,0,5
"2354",32,"天明まちづくりセンター・公民館",2,0,0,0,0,10
"2355",32,"天明まちづくりセンター・公民館",3,1,2,1,2,15
"2356",32,"天明まちづくりセンター・公民館",4,2,6,3,8,20
"2357",32,"天明まちづくりセンター・公民館",5,3,10,6,18,25
"2358",32,"天明まちづくりセンター・公民館",6,4,8,10,26,30
"2359",32,"天明まちづくりセンター・公民館",7,1,1,11,27,35
"2360",32,"天明まちづくりセンター・公民館",8,4,7,15,34,40
"2361",32,"天明まちづくりセンター・公民館",9,5,20,20,54,45
"2362",32,"天明まちづくりセンター・公民館",10,3,11,23,65,50
"2363",32,"天明まちづくりセンター・公民館",11,4,17,27,82,55
"2364",32,"天明まちづくりセンター・公民館",12,5,13,32,95,60
"2365",32,"天明まちづくりセンター・公民館",13,3,9,35,104,65
"2366",32,"天明まちづくりセンター・公民館",14,3,9,38,113,70
"2367",32,"天明まちづくりセンター・公民館",15,4,10,42,123,75
"2368",32,"天明まちづくりセンター・公民館",16,4,12,46,135,80
"2369",32,"天明まちづくりセンター・公民館",17,5,18,51,153,85
"2370",32,"天明まちづくりセンター・公民館",18,5,16,56,169,90
"2371",32,"天明まちづくりセンター・公民館",19,5,22,61,191,95
"2372",32,"天明まちづくりセンター・公民館",20,4,13,65,204,100
"2373",32,"天明まちづくりセンター・公民館",21,0,0,65,204,105
"2374",32,"天明まちづくりセンター・公民館",22,3,13,68,217,110
"2375",32,"天明まちづくりセンター・公民館",23,3,8,71,225,115
"2376",32,"天明まちづくりセンター・公民館",24,4,8,75,233,120
"2377",32,"天明まちづくりセンター・公民館",25,2,4,77,237,125
"2378",32,"天明まちづくりセンター・公民館",26,0,0,77,237,130
"2379",32,"天明まちづくりセンター・公民館",27,1,7,78,244,135
"2380",32,"天明まちづくりセンター・公民館",28,1,6,79,250,140
"2381",32,"天明まちづくりセンター・公民館",29,2,5,81,255,145
"2382",32,"天明まちづくりセンター・公民館",30,0,0,81,255,150
"2383",32,"天明まちづくりセンター・公民館",31,0,0,81,255,155
"2384",32,"天明まちづくりセンター・公民館",32,0,0,81,255,160
"2385",32,"天明まちづくりセンター・公民館",33,0,0,81,255,165
"2386",32,"天明まちづくりセンター・公民館",34,0,0,81,255,170
"2387",32,"天明まちづくりセンター・公民館",35,0,0,81,255,175
"2388",32,"天明まちづくりセンター・公民館",36,0,0,81,255,180
"2389",32,"天明まちづくりセンター・公民館",37,0,0,81,255,185
"2390",32,"天明まちづくりセンター・公民館",38,0,0,81,255,190
"2391",32,"天明まちづくりセンター・公民館",39,0,0,81,255,195
"2392",32,"天明まちづくりセンター・公民館",40,0,0,81,255,200
"2393",32,"天明まちづくりセンター・公民館",41,0,0,81,255,205
"2394",32,"天明まちづくりセンター・公民館",42,0,0,81,255,210
"2395",32,"天明まちづくりセンター・公民館",43,0,0,81,255,215
"2396",32,"天明まちづくりセンター・公民館",44,0,0,81,255,220
"2397",32,"天明まちづくりセンター・公民館",45,0,0,81,255,225
"2398",32,"天明まちづくりセンター・公民館",46,0,0,81,255,230
"2399",32,"天明まちづくりセンター・公民館",47,0,0,81,255,235
"2400",32,"天明まちづくりセンター・公民館",48,0,0,81,255,240
"2401",32,"天明まちづくりセンター・公民館",49,0,0,81,255,245
"2402",32,"天明まちづくりセンター・公民館",50,0,0,81,255,250
"2403",32,"天明まちづくりセンター・公民館",51,0,0,81,255,255
"2404",32,"天明まちづくりセンター・公民館",52,0,0,81,255,260
"2405",32,"天明まちづくりセンター・公民館",53,0,0,81,255,265
"2406",32,"天明まちづくりセンター・公民館",54,0,0,81,255,270
"2407",32,"天明まちづくりセンター・公民館",55,0,0,81,255,275
"2408",32,"天明まちづくりセンター・公民館",56,0,0,81,255,280
"2409",32,"天明まちづくりセンター・公民館",57,0,0,81,255,285
"2410",32,"天明まちづくりセンター・公民館",58,0,0,81,255,290
"2411",32,"天明まちづくりセンター・公民館",59,0,0,81,255,295
"2412",32,"天明まちづくりセンター・公民館",60,0,0,81,255,300
"2413",32,"天明まちづくりセンター・公民館",61,0,0,81,255,305
"2414",32,"天明まちづくりセンター・公民館",62,0,0,81,255,310
"2415",32,"天明まちづくりセンター・公民館",63,0,0,81,255,315
"2416",32,"天明まちづくりセンター・公民館",64,0,0,81,255,320
"2417",32,"天明まちづくりセンター・公民館",65,0,0,81,255,325
"2418",32,"天明まちづくりセンター・公民館",66,0,0,81,255,330
"2419",32,"天明まちづくりセンター・公民館",67,0,0,81,255,335
"2420",32,"天明まちづくりセンター・公民館",68,0,0,81,255,340
"2421",32,"天明まちづくりセンター・公民館",69,0,0,81,255,345
"2422",32,"天明まちづくりセンター・公民館",70,0,0,81,255,350
"2423",32,"天明まちづくりセンター・公民館",71,0,0,81,255,355
"2424",32,"天明まちづくりセンター・公民館",72,0,0,81,255,360
"2425",32,"天明まちづくりセンター・公民館",73,0,0,81,255,365
"2426",32,"天明まちづくりセンター・公民館",74,0,0,81,255,370
"2427",32,"天明まちづくりセンター・公民館",75,3,11,84,266,375
"2428",32,"天明まちづくりセンター・公民館",76,3,3,87,269,380
"2429",32,"天明まちづくりセンター・公民館",77,6,14,93,283,385
"2430",32,"天明まちづくりセンター・公民館",78,5,17,98,300,390
"2431",32,"天明まちづくりセンター・公民館",79,3,7,101,307,395
"2432",32,"天明まちづくりセンター・公民館",80,3,9,104,316,400
"2433",32,"天明まちづくりセンター・公民館",81,4,7,108,323,405
"2434",32,"天明まちづくりセンター・公民館",82,2,5,110,328,410
"2435",32,"天明まちづくりセンター・公民館",83,2,12,112,340,415
"2436",32,"天明まちづくりセンター・公民館",84,5,10,117,350,420
"2437",32,"天明まちづくりセンター・公民館",85,2,4,119,354,425
"2438",32,"天明まちづくりセンター・公民館",86,5,11,124,365,430
"2439",32,"天明まちづくりセンター・公民館",87,1,3,125,368,435
"2440",32,"天明まちづくりセンター・公民館",88,0,0,125,368,440
"2441",32,"天明まちづくりセンター・公民館",89,0,0,125,368,445
"2442",32,"天明まちづくりセンター・公民館",90,0,0,125,368,450
"2443",32,"天明まちづくりセンター・公民館",91,0,0,125,368,455
"2444",32,"天明まちづくりセンター・公民館",92,0,0,125,368,460
"2445",32,"天明まちづくりセンター・公民館",93,0,0,125,368,465
"2446",32,"天明まちづくりセンター・公民館",94,0,0,125,368,470
"2447",32,"天明まちづくりセンター・公民館",95,0,0,125,368,475
"2448",32,"天明まちづくりセンター・公民館",96,0,0,125,368,480
"2449",32,"天明まちづくりセンター・公民館",97,0,0,125,368,485
"2450",32,"天明まちづくりセンター・公民館",98,0,0,125,368,490
"2451",33,"川口小学校",1,0,0,0,0,5
"2452",33,"川口小学校",2,1,4,1,4,10
"2453",33,"川口小学校",3,3,6,4,10,15
"2454",33,"川口小学校",4,6,15,10,25,20
"2455",33,"川口小学校",5,12,31,22,56,25
"2456",33,"川口小学校",6,8,18,30,74,30
"2457",33,"川口小学校",7,6,19,36,93,35
"2458",33,"川口小学校",8,3,9,39,102,40
"2459",33,"川口小学校",9,12,44,51,146,45
"2460",33,"川口小学校",10,8,23,59,169,50
"2461",33,"川口小学校",11,7,22,66,191,55
"2462",33,"川口小学校",12,5,16,71,207,60
"2463",33,"川口小学校",13,9,29,80,236,65
"2464",33,"川口小学校",14,5,15,85,251,70
"2465",33,"川口小学校",15,12,42,97,293,75
"2466",33,"川口小学校",16,7,16,104,309,80
"2467",33,"川口小学校",17,11,42,115,351,85
"2468",33,"川口小学校",18,9,28,124,379,90
"2469",33,"川口小学校",19,10,23,134,402,95
"2470",33,"川口小学校",20,6,22,140,424,100
"2471",33,"川口小学校",21,11,26,151,450,105
"2472",33,"川口小学校",22,8,27,159,477,110
"2473",33,"川口小学校",23,12,37,171,514,115
"2474",33,"川口小学校",24,9,32,180,546,120
"2475",33,"川口小学校",25,8,18,188,564,125
"2476",33,"川口小学校",26,10,25,198,589,130
"2477",33,"川口小学校",27,5,9,203,598,135
"2478",33,"川口小学校",28,3,9,206,607,140
"2479",33,"川口小学校",29,3,8,209,615,145
"2480",33,"川口小学校",30,5,11,214,626,150
"2481",33,"川口小学校",31,0,0,214,626,155
"2482",33,"川口小学校",32,1,1,215,627,160
"2483",33,"川口小学校",33,1,3,216,630,165
"2484",33,"川口小学校",34,1,1,217,631,170
"2485",33,"川口小学校",35,0,0,217,631,175
"2486",33,"川口小学校",36,0,0,217,631,180
"2487",33,"川口小学校",37,0,0,217,631,185
"2488",33,"川口小学校",38,0,0,217,631,190
"2489",33,"川口小学校",39,0,0,217,631,195
"2490",33,"川口小学校",40,0,0,217,631,200
"2491",33,"川口小学校",41,0,0,217,631,205
"2492",33,"川口小学校",42,0,0,217,631,210
"2493",33,"川口小学校",43,0,0,217,631,215
"2494",33,"川口小学校",44,0,0,217,631,220
"2495",33,"川口小学校",45,0,0,217,631,225
"2496",33,"川口小学校",46,0,0,217,631,230
"2497",33,"川口小学校",47,0,0,217,631,235
"2498",33,"川口小学校",48,0,0,217,631,240
"2499",33,"川口小学校",49,0,0,217,631,245
"2500",33,"川口小学校",50,0,0,217,631,250
"2501",33,"川口小学校",51,0,0,217,631,255
"2502",33,"川口小学校",52,0,0,217,631,260
"2503",33,"川口小学校",53,0,0,217,631,265
"2504",33,"川口小学校",54,0,0,217,631,270
"2505",33,"川口小学校",55,0,0,217,631,275
"2506",33,"川口小学校",56,0,0,217,631,280
"2507",33,"川口小学校",57,0,0,217,631,285
"2508",33,"川口小学校",58,0,0,217,631,290
"2509",33,"川口小学校",59,0,0,217,631,295
"2510",33,"川口小学校",60,0,0,217,631,300
"2511",33,"川口小学校",61,0,0,217,631,305
"2512",33,"川口小学校",62,0,0,217,631,310
"2513",33,"川口小学校",63,0,0,217,631,315
"2514",33,"川口小学校",64,0,0,217,631,320
"2515",33,"川口小学校",65,0,0,217,631,325
"2516",33,"川口小学校",66,0,0,217,631,330
"2517",33,"川口小学校",67,0,0,217,631,335
"2518",33,"川口小学校",68,0,0,217,631,340
"2519",33,"川口小学校",69,0,0,217,631,345
"2520",33,"川口小学校",70,0,0,217,631,350
"2521",33,"川口小学校",71,0,0,217,631,355
"2522",33,"川口小学校",72,0,0,217,631,360
"2523",33,"川口小学校",73,0,0,217,631,365
"2524",33,"川口小学校",74,2,3,219,634,370
"2525",33,"川口小学校",75,5,6,224,640,375
"2526",33,"川口小学校",76,5,11,229,651,380
"2527",33,"川口小学校",77,4,13,233,664,385
"2528",33,"川口小学校",78,4,10,237,674,390
"2529",33,"川口小学校",79,14,26,251,700,395
"2530",33,"川口小学校",80,6,13,257,713,400
"2531",33,"川口小学校",81,12,27,269,740,405
"2532",33,"川口小学校",82,6,13,275,753,410
"2533",33,"川口小学校",83,6,17,281,770,415
"2534",33,"川口小学校",84,4,11,285,781,420
"2535",33,"川口小学校",85,5,13,290,794,425
"2536",33,"川口小学校",86,6,15,296,809,430
"2537",33,"川口小学校",87,1,1,297,810,435
"2538",33,"川口小学校",88,3,9,300,819,440
"2539",33,"川口小学校",89,0,0,300,819,445
"2540",33,"川口小学校",90,1,2,301,821,450
"2541",33,"川口小学校",91,0,0,301,821,455
"2542",33,"川口小学校",92,0,0,301,821,460
"2543",33,"川口小学校",93,0,0,301,821,465
"2544",33,"川口小学校",94,0,0,301,821,470
"2545",33,"川口小学校",95,0,0,301,821,475
"2546",33,"川口小学校",96,0,0,301,821,480
"2547",33,"川口小学校",97,0,0,301,821,485
"2548",33,"川口小学校",98,0,0,301,821,490
"2549",34,"川尻小学校",1,0,0,0,0,5
"2550",34,"川尻小学校",2,0,0,0,0,10
"2551",34,"川尻小学校",3,0,0,0,0,15
"2552",34,"川尻小学校",4,0,0,0,0,20
"2553",34,"川尻小学校",5,0,0,0,0,25
"2554",34,"川尻小学校",6,0,0,0,0,30
"2555",34,"川尻小学校",7,0,0,0,0,35
"2556",34,"川尻小学校",8,3,10,3,10,40
"2557",34,"川尻小学校",9,0,0,3,10,45
"2558",34,"川尻小学校",10,1,2,4,12,50
"2559",34,"川尻小学校",11,0,0,4,12,55
"2560",34,"川尻小学校",12,0,0,4,12,60
"2561",34,"川尻小学校",13,0,0,4,12,65
"2562",34,"川尻小学校",14,1,2,5,14,70
"2563",34,"川尻小学校",15,2,8,7,22,75
"2564",34,"川尻小学校",16,0,0,7,22,80
"2565",34,"川尻小学校",17,1,1,8,23,85
"2566",34,"川尻小学校",18,0,0,8,23,90
"2567",34,"川尻小学校",19,1,4,9,27,95
"2568",34,"川尻小学校",20,1,2,10,29,100
"2569",34,"川尻小学校",21,1,3,11,32,105
"2570",34,"川尻小学校",22,2,5,13,37,110
"2571",34,"川尻小学校",23,0,0,13,37,115
"2572",34,"川尻小学校",24,0,0,13,37,120
"2573",34,"川尻小学校",25,0,0,13,37,125
"2574",34,"川尻小学校",26,1,3,14,40,130
"2575",34,"川尻小学校",27,1,2,15,42,135
"2576",34,"川尻小学校",28,1,4,16,46,140
"2577",34,"川尻小学校",29,1,2,17,48,145
"2578",34,"川尻小学校",30,0,0,17,48,150
"2579",34,"川尻小学校",31,0,0,17,48,155
"2580",34,"川尻小学校",32,0,0,17,48,160
"2581",34,"川尻小学校",33,0,0,17,48,165
"2582",34,"川尻小学校",34,0,0,17,48,170
"2583",34,"川尻小学校",35,0,0,17,48,175
"2584",34,"川尻小学校",36,0,0,17,48,180
"2585",34,"川尻小学校",37,0,0,17,48,185
"2586",34,"川尻小学校",38,0,0,17,48,190
"2587",34,"川尻小学校",39,0,0,17,48,195
"2588",34,"川尻小学校",40,0,0,17,48,200
"2589",34,"川尻小学校",41,0,0,17,48,205
"2590",34,"川尻小学校",42,0,0,17,48,210
"2591",34,"川尻小学校",43,0,0,17,48,215
"2592",34,"川尻小学校",44,0,0,17,48,220
"2593",34,"川尻小学校",45,0,0,17,48,225
"2594",34,"川尻小学校",46,0,0,17,48,230
"2595",34,"川尻小学校",47,0,0,17,48,235
"2596",34,"川尻小学校",48,0,0,17,48,240
"2597",34,"川尻小学校",49,0,0,17,48,245
"2598",34,"川尻小学校",50,0,0,17,48,250
"2599",34,"川尻小学校",51,0,0,17,48,255
"2600",34,"川尻小学校",52,0,0,17,48,260
"2601",34,"川尻小学校",53,0,0,17,48,265
"2602",34,"川尻小学校",54,0,0,17,48,270
"2603",34,"川尻小学校",55,0,0,17,48,275
"2604",34,"川尻小学校",56,0,0,17,48,280
"2605",34,"川尻小学校",57,0,0,17,48,285
"2606",34,"川尻小学校",58,0,0,17,48,290
"2607",34,"川尻小学校",59,0,0,17,48,295
"2608",34,"川尻小学校",60,0,0,17,48,300
"2609",34,"川尻小学校",61,0,0,17,48,305
"2610",34,"川尻小学校",62,0,0,17,48,310
"2611",34,"川尻小学校",63,0,0,17,48,315
"2612",34,"川尻小学校",64,0,0,17,48,320
"2613",34,"川尻小学校",65,0,0,17,48,325
"2614",34,"川尻小学校",66,0,0,17,48,330
"2615",34,"川尻小学校",67,0,0,17,48,335
"2616",34,"川尻小学校",68,0,0,17,48,340
"2617",34,"川尻小学校",69,0,0,17,48,345
"2618",34,"川尻小学校",70,0,0,17,48,350
"2619",34,"川尻小学校",71,0,0,17,48,355
"2620",34,"川尻小学校",72,0,0,17,48,360
"2621",34,"川尻小学校",73,0,0,17,48,365
"2622",34,"川尻小学校",74,0,0,17,48,370
"2623",34,"川尻小学校",75,0,0,17,48,375
"2624",34,"川尻小学校",76,0,0,17,48,380
"2625",34,"川尻小学校",77,0,0,17,48,385
"2626",34,"川尻小学校",78,0,0,17,48,390
"2627",34,"川尻小学校",79,1,2,18,50,395
"2628",34,"川尻小学校",80,1,5,19,55,400
"2629",34,"川尻小学校",81,1,4,20,59,405
"2630",34,"川尻小学校",82,0,0,20,59,410
"2631",34,"川尻小学校",83,2,3,22,62,415
"2632",34,"川尻小学校",84,1,3,23,65,420
"2633",34,"川尻小学校",85,0,0,23,65,425
"2634",34,"川尻小学校",86,2,6,25,71,430
"2635",34,"川尻小学校",87,2,3,27,74,435
"2636",34,"川尻小学校",88,0,0,27,74,440
"2637",34,"川尻小学校",89,0,0,27,74,445
"2638",34,"川尻小学校",90,0,0,27,74,450
"2639",34,"川尻小学校",91,0,0,27,74,455
"2640",34,"川尻小学校",92,0,0,27,74,460
"2641",34,"川尻小学校",93,0,0,27,74,465
"2642",34,"川尻小学校",94,0,0,27,74,470
"2643",34,"川尻小学校",95,0,0,27,74,475
"2644",34,"川尻小学校",96,0,0,27,74,480
"2645",34,"川尻小学校",97,0,0,27,74,485
"2646",34,"川尻小学校",98,0,0,27,74,490
"2647",35,"銭塘小学校",1,0,0,0,0,5
"2648",35,"銭塘小学校",2,2,10,2,10,10
"2649",35,"銭塘小学校",3,1,2,3,12,15
"2650",35,"銭塘小学校",4,1,2,4,14,20
"2651",35,"銭塘小学校",5,1,3,5,17,25
"2652",35,"銭塘小学校",6,8,20,13,37,30
"2653",35,"銭塘小学校",7,6,24,19,61,35
"2654",35,"銭塘小学校",8,7,21,26,82,40
"2655",35,"銭塘小学校",9,6,28,32,110,45
"2656",35,"銭塘小学校",10,9,24,41,134,50
"2657",35,"銭塘小学校",11,6,21,47,155,55
"2658",35,"銭塘小学校",12,8,19,55,174,60
"2659",35,"銭塘小学校",13,7,21,62,195,65
"2660",35,"銭塘小学校",14,6,16,68,211,70
"2661",35,"銭塘小学校",15,8,24,76,235,75
"2662",35,"銭塘小学校",16,4,8,80,243,80
"2663",35,"銭塘小学校",17,5,11,85,254,85
"2664",35,"銭塘小学校",18,6,16,91,270,90
"2665",35,"銭塘小学校",19,4,12,95,282,95
"2666",35,"銭塘小学校",20,6,13,101,295,100
"2667",35,"銭塘小学校",21,7,25,108,320,105
"2668",35,"銭塘小学校",22,4,10,112,330,110
"2669",35,"銭塘小学校",23,5,18,117,348,115
"2670",35,"銭塘小学校",24,6,17,123,365,120
"2671",35,"銭塘小学校",25,8,26,131,391,125
"2672",35,"銭塘小学校",26,6,16,137,407,130
"2673",35,"銭塘小学校",27,5,15,142,422,135
"2674",35,"銭塘小学校",28,2,7,144,429,140
"2675",35,"銭塘小学校",29,4,17,148,446,145
"2676",35,"銭塘小学校",30,1,6,149,452,150
"2677",35,"銭塘小学校",31,0,0,149,452,155
"2678",35,"銭塘小学校",32,0,0,149,452,160
"2679",35,"銭塘小学校",33,0,0,149,452,165
"2680",35,"銭塘小学校",34,0,0,149,452,170
"2681",35,"銭塘小学校",35,0,0,149,452,175
"2682",35,"銭塘小学校",36,0,0,149,452,180
"2683",35,"銭塘小学校",37,0,0,149,452,185
"2684",35,"銭塘小学校",38,0,0,149,452,190
"2685",35,"銭塘小学校",39,0,0,149,452,195
"2686",35,"銭塘小学校",40,0,0,149,452,200
"2687",35,"銭塘小学校",41,0,0,149,452,205
"2688",35,"銭塘小学校",42,0,0,149,452,210
"2689",35,"銭塘小学校",43,0,0,149,452,215
"2690",35,"銭塘小学校",44,0,0,149,452,220
"2691",35,"銭塘小学校",45,0,0,149,452,225
"2692",35,"銭塘小学校",46,0,0,149,452,230
"2693",35,"銭塘小学校",47,0,0,149,452,235
"2694",35,"銭塘小学校",48,0,0,149,452,240
"2695",35,"銭塘小学校",49,0,0,149,452,245
"2696",35,"銭塘小学校",50,0,0,149,452,250
"2697",35,"銭塘小学校",51,0,0,149,452,255
"2698",35,"銭塘小学校",52,0,0,149,452,260
"2699",35,"銭塘小学校",53,0,0,149,452,265
"2700",35,"銭塘小学校",54,0,0,149,452,270
"2701",35,"銭塘小学校",55,0,0,149,452,275
"2702",35,"銭塘小学校",56,0,0,149,452,280
"2703",35,"銭塘小学校",57,0,0,149,452,285
"2704",35,"銭塘小学校",58,0,0,149,452,290
"2705",35,"銭塘小学校",59,0,0,149,452,295
"2706",35,"銭塘小学校",60,0,0,149,452,300
"2707",35,"銭塘小学校",61,0,0,149,452,305
"2708",35,"銭塘小学校",62,0,0,149,452,310
"2709",35,"銭塘小学校",63,0,0,149,452,315
"2710",35,"銭塘小学校",64,0,0,149,452,320
"2711",35,"銭塘小学校",65,0,0,149,452,325
"2712",35,"銭塘小学校",66,0,0,149,452,330
"2713",35,"銭塘小学校",67,0,0,149,452,335
"2714",35,"銭塘小学校",68,0,0,149,452,340
"2715",35,"銭塘小学校",69,0,0,149,452,345
"2716",35,"銭塘小学校",70,0,0,149,452,350
"2717",35,"銭塘小学校",71,0,0,149,452,355
"2718",35,"銭塘小学校",72,0,0,149,452,360
"2719",35,"銭塘小学校",73,1,5,150,457,365
"2720",35,"銭塘小学校",74,4,4,154,461,370
"2721",35,"銭塘小学校",75,2,4,156,465,375
"2722",35,"銭塘小学校",76,8,20,164,485,380
"2723",35,"銭塘小学校",77,10,30,174,515,385
"2724",35,"銭塘小学校",78,5,14,179,529,390
"2725",35,"銭塘小学校",79,5,10,184,539,395
"2726",35,"銭塘小学校",80,8,20,192,559,400
"2727",35,"銭塘小学校",81,7,20,199,579,405
"2728",35,"銭塘小学校",82,3,8,202,587,410
"2729",35,"銭塘小学校",83,7,18,209,605,415
"2730",35,"銭塘小学校",84,7,23,216,628,420
"2731",35,"銭塘小学校",85,9,18,225,646,425
"2732",35,"銭塘小学校",86,4,10,229,656,430
"2733",35,"銭塘小学校",87,1,2,230,658,435
"2734",35,"銭塘小学校",88,0,0,230,658,440
"2735",35,"銭塘小学校",89,0,0,230,658,445
"2736",35,"銭塘小学校",90,0,0,230,658,450
"2737",35,"銭塘小学校",91,0,0,230,658,455
"2738",35,"銭塘小学校",92,0,0,230,658,460
"2739",35,"銭塘小学校",93,0,0,230,658,465
"2740",35,"銭塘小学校",94,0,0,230,658,470
"2741",35,"銭塘小学校",95,0,0,230,658,475
"2742",35,"銭塘小学校",96,0,0,230,658,480
"2743",35,"銭塘小学校",97,0,0,230,658,485
"2744",35,"銭塘小学校",98,0,0,230,658,490
"2745",36,"中緑小学校",1,0,0,0,0,5
"2746",36,"中緑小学校",2,1,3,1,3,10
"2747",36,"中緑小学校",3,2,6,3,9,15
"2748",36,"中緑小学校",4,2,4,5,13,20
"2749",36,"中緑小学校",5,0,0,5,13,25
"2750",36,"中緑小学校",6,1,3,6,16,30
"2751",36,"中緑小学校",7,4,18,10,34,35
"2752",36,"中緑小学校",8,7,18,17,52,40
"2753",36,"中緑小学校",9,5,20,22,72,45
"2754",36,"中緑小学校",10,4,12,26,84,50
"2755",36,"中緑小学校",11,4,12,30,96,55
"2756",36,"中緑小学校",12,6,16,36,112,60
"2757",36,"中緑小学校",13,3,15,39,127,65
"2758",36,"中緑小学校",14,5,12,44,139,70
"2759",36,"中緑小学校",15,1,6,45,145,75
"2760",36,"中緑小学校",16,1,5,46,150,80
"2761",36,"中緑小学校",17,9,27,55,177,85
"2762",36,"中緑小学校",18,2,4,57,181,90
"2763",36,"中緑小学校",19,3,7,60,188,95
"2764",36,"中緑小学校",20,4,11,64,199,100
"2765",36,"中緑小学校",21,6,18,70,217,105
"2766",36,"中緑小学校",22,3,11,73,228,110
"2767",36,"中緑小学校",23,3,8,76,236,115
"2768",36,"中緑小学校",24,2,3,78,239,120
"2769",36,"中緑小学校",25,3,6,81,245,125
"2770",36,"中緑小学校",26,2,6,83,251,130
"2771",36,"中緑小学校",27,4,17,87,268,135
"2772",36,"中緑小学校",28,2,3,89,271,140
"2773",36,"中緑小学校",29,0,0,89,271,145
"2774",36,"中緑小学校",30,3,4,92,275,150
"2775",36,"中緑小学校",31,0,0,92,275,155
"2776",36,"中緑小学校",32,0,0,92,275,160
"2777",36,"中緑小学校",33,0,0,92,275,165
"2778",36,"中緑小学校",34,0,0,92,275,170
"2779",36,"中緑小学校",35,0,0,92,275,175
"2780",36,"中緑小学校",36,0,0,92,275,180
"2781",36,"中緑小学校",37,0,0,92,275,185
"2782",36,"中緑小学校",38,0,0,92,275,190
"2783",36,"中緑小学校",39,0,0,92,275,195
"2784",36,"中緑小学校",40,0,0,92,275,200
"2785",36,"中緑小学校",41,0,0,92,275,205
"2786",36,"中緑小学校",42,0,0,92,275,210
"2787",36,"中緑小学校",43,0,0,92,275,215
"2788",36,"中緑小学校",44,0,0,92,275,220
"2789",36,"中緑小学校",45,0,0,92,275,225
"2790",36,"中緑小学校",46,0,0,92,275,230
"2791",36,"中緑小学校",47,0,0,92,275,235
"2792",36,"中緑小学校",48,0,0,92,275,240
"2793",36,"中緑小学校",49,0,0,92,275,245
"2794",36,"中緑小学校",50,0,0,92,275,250
"2795",36,"中緑小学校",51,0,0,92,275,255
"2796",36,"中緑小学校",52,0,0,92,275,260
"2797",36,"中緑小学校",53,0,0,92,275,265
"2798",36,"中緑小学校",54,0,0,92,275,270
"2799",36,"中緑小学校",55,0,0,92,275,275
"2800",36,"中緑小学校",56,0,0,92,275,280
"2801",36,"中緑小学校",57,0,0,92,275,285
"2802",36,"中緑小学校",58,0,0,92,275,290
"2803",36,"中緑小学校",59,0,0,92,275,295
"2804",36,"中緑小学校",60,0,0,92,275,300
"2805",36,"中緑小学校",61,0,0,92,275,305
"2806",36,"中緑小学校",62,0,0,92,275,310
"2807",36,"中緑小学校",63,0,0,92,275,315
"2808",36,"中緑小学校",64,0,0,92,275,320
"2809",36,"中緑小学校",65,0,0,92,275,325
"2810",36,"中緑小学校",66,0,0,92,275,330
"2811",36,"中緑小学校",67,0,0,92,275,335
"2812",36,"中緑小学校",68,0,0,92,275,340
"2813",36,"中緑小学校",69,0,0,92,275,345
"2814",36,"中緑小学校",70,0,0,92,275,350
"2815",36,"中緑小学校",71,0,0,92,275,355
"2816",36,"中緑小学校",72,0,0,92,275,360
"2817",36,"中緑小学校",73,0,0,92,275,365
"2818",36,"中緑小学校",74,0,0,92,275,370
"2819",36,"中緑小学校",75,0,0,92,275,375
"2820",36,"中緑小学校",76,0,0,92,275,380
"2821",36,"中緑小学校",77,3,5,95,280,385
"2822",36,"中緑小学校",78,1,4,96,284,390
"2823",36,"中緑小学校",79,5,13,101,297,395
"2824",36,"中緑小学校",80,4,7,105,304,400
"2825",36,"中緑小学校",81,4,18,109,322,405
"2826",36,"中緑小学校",82,2,4,111,326,410
"2827",36,"中緑小学校",83,0,0,111,326,415
"2828",36,"中緑小学校",84,4,10,115,336,420
"2829",36,"中緑小学校",85,1,2,116,338,425
"2830",36,"中緑小学校",86,1,2,117,340,430
"2831",36,"中緑小学校",87,4,7,121,347,435
"2832",36,"中緑小学校",88,4,11,125,358,440
"2833",36,"中緑小学校",89,1,3,126,361,445
"2834",36,"中緑小学校",90,1,5,127,366,450
"2835",36,"中緑小学校",91,0,0,127,366,455
"2836",36,"中緑小学校",92,0,0,127,366,460
"2837",36,"中緑小学校",93,0,0,127,366,465
"2838",36,"中緑小学校",94,0,0,127,366,470
"2839",36,"中緑小学校",95,0,0,127,366,475
"2840",36,"中緑小学校",96,0,0,127,366,480
"2841",36,"中緑小学校",97,0,0,127,366,485
"2842",36,"中緑小学校",98,0,0,127,366,490
"2843",37,"南部総合スポーツセンター",1,0,0,0,0,5
"2844",37,"南部総合スポーツセンター",2,0,0,0,0,10
"2845",37,"南部総合スポーツセンター",3,0,0,0,0,15
"2846",37,"南部総合スポーツセンター",4,0,0,0,0,20
"2847",37,"南部総合スポーツセンター",5,0,0,0,0,25
"2848",37,"南部総合スポーツセンター",6,0,0,0,0,30
"2849",37,"南部総合スポーツセンター",7,0,0,0,0,35
"2850",37,"南部総合スポーツセンター",8,0,0,0,0,40
"2851",37,"南部総合スポーツセンター",9,0,0,0,0,45
"2852",37,"南部総合スポーツセンター",10,0,0,0,0,50
"2853",37,"南部総合スポーツセンター",11,1,5,1,5,55
"2854",37,"南部総合スポーツセンター",12,0,0,1,5,60
"2855",37,"南部総合スポーツセンター",13,0,0,1,5,65
"2856",37,"南部総合スポーツセンター",14,0,0,1,5,70
"2857",37,"南部総合スポーツセンター",15,0,0,1,5,75
"2858",37,"南部総合スポーツセンター",16,0,0,1,5,80
"2859",37,"南部総合スポーツセンター",17,0,0,1,5,85
"2860",37,"南部総合スポーツセンター",18,0,0,1,5,90
"2861",37,"南部総合スポーツセンター",19,0,0,1,5,95
"2862",37,"南部総合スポーツセンター",20,0,0,1,5,100
"2863",37,"南部総合スポーツセンター",21,2,3,3,8,105
"2864",37,"南部総合スポーツセンター",22,0,0,3,8,110
"2865",37,"南部総合スポーツセンター",23,0,0,3,8,115
"2866",37,"南部総合スポーツセンター",24,1,5,4,13,120
"2867",37,"南部総合スポーツセンター",25,0,0,4,13,125
"2868",37,"南部総合スポーツセンター",26,0,0,4,13,130
"2869",37,"南部総合スポーツセンター",27,0,0,4,13,135
"2870",37,"南部総合スポーツセンター",28,0,0,4,13,140
"2871",37,"南部総合スポーツセンター",29,0,0,4,13,145
"2872",37,"南部総合スポーツセンター",30,0,0,4,13,150
"2873",37,"南部総合スポーツセンター",31,0,0,4,13,155
"2874",37,"南部総合スポーツセンター",32,0,0,4,13,160
"2875",37,"南部総合スポーツセンター",33,0,0,4,13,165
"2876",37,"南部総合スポーツセンター",34,0,0,4,13,170
"2877",37,"南部総合スポーツセンター",35,0,0,4,13,175
"2878",37,"南部総合スポーツセンター",36,0,0,4,13,180
"2879",37,"南部総合スポーツセンター",37,0,0,4,13,185
"2880",37,"南部総合スポーツセンター",38,0,0,4,13,190
"2881",37,"南部総合スポーツセンター",39,0,0,4,13,195
"2882",37,"南部総合スポーツセンター",40,0,0,4,13,200
"2883",37,"南部総合スポーツセンター",41,0,0,4,13,205
"2884",37,"南部総合スポーツセンター",42,0,0,4,13,210
"2885",37,"南部総合スポーツセンター",43,0,0,4,13,215
"2886",37,"南部総合スポーツセンター",44,0,0,4,13,220
"2887",37,"南部総合スポーツセンター",45,0,0,4,13,225
"2888",37,"南部総合スポーツセンター",46,0,0,4,13,230
"2889",37,"南部総合スポーツセンター",47,0,0,4,13,235
"2890",37,"南部総合スポーツセンター",48,0,0,4,13,240
"2891",37,"南部総合スポーツセンター",49,0,0,4,13,245
"2892",37,"南部総合スポーツセンター",50,0,0,4,13,250
"2893",37,"南部総合スポーツセンター",51,0,0,4,13,255
"2894",37,"南部総合スポーツセンター",52,0,0,4,13,260
"2895",37,"南部総合スポーツセンター",53,0,0,4,13,265
"2896",37,"南部総合スポーツセンター",54,0,0,4,13,270
"2897",37,"南部総合スポーツセンター",55,0,0,4,13,275
"2898",37,"南部総合スポーツセンター",56,0,0,4,13,280
"2899",37,"南部総合スポーツセンター",57,0,0,4,13,285
"2900",37,"南部総合スポーツセンター",58,0,0,4,13,290
"2901",37,"南部総合スポーツセンター",59,0,0,4,13,295
"2902",37,"南部総合スポーツセンター",60,0,0,4,13,300
"2903",37,"南部総合スポーツセンター",61,0,0,4,13,305
"2904",37,"南部総合スポーツセンター",62,0,0,4,13,310
"2905",37,"南部総合スポーツセンター",63,0,0,4,13,315
"2906",37,"南部総合スポーツセンター",64,0,0,4,13,320
"2907",37,"南部総合スポーツセンター",65,0,0,4,13,325
"2908",37,"南部総合スポーツセンター",66,0,0,4,13,330
"2909",37,"南部総合スポーツセンター",67,0,0,4,13,335
"2910",37,"南部総合スポーツセンター",68,0,0,4,13,340
"2911",37,"南部総合スポーツセンター",69,0,0,4,13,345
"2912",37,"南部総合スポーツセンター",70,0,0,4,13,350
"2913",37,"南部総合スポーツセンター",71,0,0,4,13,355
"2914",37,"南部総合スポーツセンター",72,0,0,4,13,360
"2915",37,"南部総合スポーツセンター",73,0,0,4,13,365
"2916",37,"南部総合スポーツセンター",74,0,0,4,13,370
"2917",37,"南部総合スポーツセンター",75,0,0,4,13,375
"2918",37,"南部総合スポーツセンター",76,0,0,4,13,380
"2919",37,"南部総合スポーツセンター",77,0,0,4,13,385
"2920",37,"南部総合スポーツセンター",78,0,0,4,13,390
"2921",37,"南部総合スポーツセンター",79,0,0,4,13,395
"2922",37,"南部総合スポーツセンター",80,0,0,4,13,400
"2923",37,"南部総合スポーツセンター",81,1,1,5,14,405
"2924",37,"南部総合スポーツセンター",82,1,5,6,19,410
"2925",37,"南部総合スポーツセンター",83,0,0,6,19,415
"2926",37,"南部総合スポーツセンター",84,1,4,7,23,420
"2927",37,"南部総合スポーツセンター",85,0,0,7,23,425
"2928",37,"南部総合スポーツセンター",86,2,11,9,34,430
"2929",37,"南部総合スポーツセンター",87,0,0,9,34,435
"2930",37,"南部総合スポーツセンター",88,2,8,11,42,440
"2931",37,"南部総合スポーツセンター",89,0,0,11,42,445
"2932",37,"南部総合スポーツセンター",90,0,0,11,42,450
"2933",37,"南部総合スポーツセンター",91,0,0,11,42,455
"2934",37,"南部総合スポーツセンター",92,0,0,11,42,460
"2935",37,"南部総合スポーツセンター",93,0,0,11,42,465
"2936",37,"南部総合スポーツセンター",94,0,0,11,42,470
"2937",37,"南部総合スポーツセンター",95,0,0,11,42,475
"2938",37,"南部総合スポーツセンター",96,0,0,11,42,480
"2939",37,"南部総合スポーツセンター",97,0,0,11,42,485
"2940",37,"南部総合スポーツセンター",98,0,0,11,42,490
"2941",38,"アクアドームくまもと",1,11,24,11,24,5
"2942",38,"アクアドームくまもと",2,43,119,54,143,10
"2943",38,"アクアドームくまもと",3,69,202,123,345,15
"2944",38,"アクアドームくまもと",4,81,244,204,589,20
"2945",38,"アクアドームくまもと",5,73,194,277,783,25
"2946",38,"アクアドームくまもと",6,63,186,340,969,30
"2947",38,"アクアドームくまもと",7,87,251,427,1220,35
"2948",38,"アクアドームくまもと",8,83,277,510,1497,40
"2949",38,"アクアドームくまもと",9,79,222,589,1719,45
"2950",38,"アクアドームくまもと",10,79,222,668,1941,50
"2951",38,"アクアドームくまもと",11,79,243,747,2184,55
"2952",38,"アクアドームくまもと",12,85,248,832,2432,60
"2953",38,"アクアドームくまもと",13,69,219,901,2651,65
"2954",38,"アクアドームくまもと",14,88,261,989,2912,70
"2955",38,"アクアドームくまもと",15,93,276,1082,3188,75
"2956",38,"アクアドームくまもと",16,75,221,1157,3409,80
"2957",38,"アクアドームくまもと",17,80,215,1237,3624,85
"2958",38,"アクアドームくまもと",18,91,249,1328,3873,90
"2959",38,"アクアドームくまもと",19,74,231,1402,4104,95
"2960",38,"アクアドームくまもと",20,73,200,1475,4304,100
"2961",38,"アクアドームくまもと",21,81,237,1556,4541,105
"2962",38,"アクアドームくまもと",22,75,202,1631,4743,110
"2963",38,"アクアドームくまもと",23,64,185,1695,4928,115
"2964",38,"アクアドームくまもと",24,83,255,1778,5183,120
"2965",38,"アクアドームくまもと",25,73,208,1851,5391,125
"2966",38,"アクアドームくまもと",26,19,58,1870,5449,130
"2967",38,"アクアドームくまもと",27,11,23,1881,5472,135
"2968",38,"アクアドームくまもと",28,3,4,1884,5476,140
"2969",38,"アクアドームくまもと",29,3,6,1887,5482,145
"2970",38,"アクアドームくまもと",30,1,3,1888,5485,150
"2971",38,"アクアドームくまもと",31,0,0,1888,5485,155
"2972",38,"アクアドームくまもと",32,0,0,1888,5485,160
"2973",38,"アクアドームくまもと",33,0,0,1888,5485,165
"2974",38,"アクアドームくまもと",34,0,0,1888,5485,170
"2975",38,"アクアドームくまもと",35,0,0,1888,5485,175
"2976",38,"アクアドームくまもと",36,0,0,1888,5485,180
"2977",38,"アクアドームくまもと",37,0,0,1888,5485,185
"2978",38,"アクアドームくまもと",38,0,0,1888,5485,190
"2979",38,"アクアドームくまもと",39,0,0,1888,5485,195
"2980",38,"アクアドームくまもと",40,0,0,1888,5485,200
"2981",38,"アクアドームくまもと",41,0,0,1888,5485,205
"2982",38,"アクアドームくまもと",42,0,0,1888,5485,210
"2983",38,"アクアドームくまもと",43,0,0,1888,5485,215
"2984",38,"アクアドームくまもと",44,0,0,1888,5485,220
"2985",38,"アクアドームくまもと",45,0,0,1888,5485,225
"2986",38,"アクアドームくまもと",46,0,0,1888,5485,230
"2987",38,"アクアドームくまもと",47,0,0,1888,5485,235
"2988",38,"アクアドームくまもと",48,0,0,1888,5485,240
"2989",38,"アクアドームくまもと",49,0,0,1888,5485,245
"2990",38,"アクアドームくまもと",50,0,0,1888,5485,250
"2991",38,"アクアドームくまもと",51,0,0,1888,5485,255
"2992",38,"アクアドームくまもと",52,0,0,1888,5485,260
"2993",38,"アクアドームくまもと",53,0,0,1888,5485,265
"2994",38,"アクアドームくまもと",54,0,0,1888,5485,270
"2995",38,"アクアドームくまもと",55,0,0,1888,5485,275
"2996",38,"アクアドームくまもと",56,0,0,1888,5485,280
"2997",38,"アクアドームくまもと",57,0,0,1888,5485,285
"2998",38,"アクアドームくまもと",58,0,0,1888,5485,290
"2999",38,"アクアドームくまもと",59,0,0,1888,5485,295
"3000",38,"アクアドームくまもと",60,0,0,1888,5485,300
"3001",38,"アクアドームくまもと",61,0,0,1888,5485,305
"3002",38,"アクアドームくまもと",62,0,0,1888,5485,310
"3003",38,"アクアドームくまもと",63,0,0,1888,5485,315
"3004",38,"アクアドームくまもと",64,0,0,1888,5485,320
"3005",38,"アクアドームくまもと",65,0,0,1888,5485,325
"3006",38,"アクアドームくまもと",66,0,0,1888,5485,330
"3007",38,"アクアドームくまもと",67,0,0,1888,5485,335
"3008",38,"アクアドームくまもと",68,0,0,1888,5485,340
"3009",38,"アクアドームくまもと",69,0,0,1888,5485,345
"3010",38,"アクアドームくまもと",70,0,0,1888,5485,350
"3011",38,"アクアドームくまもと",71,0,0,1888,5485,355
"3012",38,"アクアドームくまもと",72,0,0,1888,5485,360
"3013",38,"アクアドームくまもと",73,30,82,1918,5567,365
"3014",38,"アクアドームくまもと",74,84,248,2002,5815,370
"3015",38,"アクアドームくまもと",75,85,222,2087,6037,375
"3016",38,"アクアドームくまもと",76,113,297,2200,6334,380
"3017",38,"アクアドームくまもと",77,121,300,2321,6634,385
"3018",38,"アクアドームくまもと",78,97,262,2418,6896,390
"3019",38,"アクアドームくまもと",79,116,323,2534,7219,395
"3020",38,"アクアドームくまもと",80,134,362,2668,7581,400
"3021",38,"アクアドームくまもと",81,109,289,2777,7870,405
"3022",38,"アクアドームくまもと",82,112,326,2889,8196,410
"3023",38,"アクアドームくまもと",83,130,373,3019,8569,415
"3024",38,"アクアドームくまもと",84,117,278,3136,8847,420
"3025",38,"アクアドームくまもと",85,118,317,3254,9164,425
"3026",38,"アクアドームくまもと",86,112,319,3366,9483,430
"3027",38,"アクアドームくまもと",87,96,257,3462,9740,435
"3028",38,"アクアドームくまもと",88,82,218,3544,9958,440
"3029",38,"アクアドームくまもと",89,73,186,3617,10144,445
"3030",38,"アクアドームくまもと",90,20,55,3637,10199,450
"3031",38,"アクアドームくまもと",91,0,0,3637,10199,455
"3032",38,"アクアドームくまもと",92,0,0,3637,10199,460
"3033",38,"アクアドームくまもと",93,0,0,3637,10199,465
"3034",38,"アクアドームくまもと",94,0,0,3637,10199,470
"3035",38,"アクアドームくまもと",95,0,0,3637,10199,475
"3036",38,"アクアドームくまもと",96,0,0,3637,10199,480
"3037",38,"アクアドームくまもと",97,0,0,3637,10199,485
"3038",38,"アクアドームくまもと",98,0,0,3637,10199,490
